7.21711	67.0	18.637293
7.2102523	65.0	18.637293
7.2263603	62.0	18.493452
7.2113786	66.0	18.637293
7.20894	62.0	18.637293
7.225048	59.0	18.493452
7.227722	63.0	18.493452
7.243838	65.0	18.493452
7.2332177	64.0	18.493452
8.152494	30.0	13.237102
7.2358246	69.0	18.637293
7.2275805	68.0	18.637293
7.2535233	62.0	18.264631
7.262569	63.0	17.153257
7.2603807	64.0	18.264631
7.246295	70.0	18.637293
7.254651	63.0	18.264631
7.274843	65.0	17.153257
7.254309	66.0	18.493452
7.261442	62.0	17.153257
7.248222	59.0	18.264631
7.2708516	65.0	18.264631
7.281471	66.0	18.264631
7.290927	70.0	18.493452
7.301247	71.0	18.493452
7.317356	70.0	17.561691
7.272905	64.0	17.153257
7.2712364	72.0	18.637293
7.4511323	79.0	18.637293
7.411993	78.0	18.637293
7.302706	68.0	17.561691
7.489971	78.0	18.493452
7.32841	71.0	18.26014
7.295698	67.0	17.750051
7.3106556	69.0	17.561691
7.531548	80.0	20.7574
7.2986407	68.0	18.264631
7.517134	78.0	18.26014
7.3081093	74.0	18.637293
7.441956	77.0	18.493452
7.572054	78.0	17.906515
7.271478	68.0	18.493452
7.2845025	66.0	17.153257
7.257891	71.0	18.637293
7.279873	69.0	18.493452
7.3302126	71.0	17.561691
7.296755	67.0	17.153257
7.3752813	71.0	17.153257
7.506081	77.0	17.906515
7.3876066	74.0	18.26014
7.360572	74.0	18.493452
7.3436418	76.0	18.637293
7.469119	77.0	18.26014
7.4372015	64.0	16.511705
7.354704	70.0	17.153257
7.3888054	57.0	16.488703
7.3295045	69.0	17.153257
7.3141026	72.0	18.493452
7.4008336	62.0	16.552286
7.2840924	73.0	18.637293
7.357487	72.0	17.561691
7.458065	76.0	17.906515
7.3824754	77.0	18.637293
7.389409	74.0	17.906515
7.3732996	75.0	18.493452
7.400463	75.0	18.26014
7.4123497	63.0	16.552286
7.428724	64.0	16.552286
7.531511	59.0	14.933281
7.3765526	73.0	17.906515
7.402556	72.0	17.153257
7.4079194	64.0	16.939672
7.348885	70.0	17.366695
7.428525	61.0	15.854781
7.3412666	72.0	18.26014
7.4745	66.0	16.552286
7.329635	75.0	18.637293
7.358407	57.0	16.889545
7.2515306	60.0	18.264631
7.30835	68.0	17.153257
7.3413777	73.0	18.493452
7.537511	70.0	16.939672
7.5832887	72.0	16.939672
7.421315	76.0	18.493452
7.386568	59.0	16.511705
7.3219414	69.0	17.366695
7.3685412	73.0	18.26014
7.5159593	75.0	17.153257
7.4238725	58.0	15.854781
7.424292	65.0	16.939672
7.622859	73.0	16.939672
7.69645	73.0	16.849483
7.4416957	73.0	17.153257
7.424949	63.0	16.511705
7.4535747	65.0	16.511705
7.375782	61.0	16.939672
7.3809485	60.0	16.552286
7.5147333	58.0	14.933281
7.395667	63.0	16.939672
7.3539753	58.0	16.939672
7.719824	78.0	17.153257
7.4362664	57.0	15.800864
7.455654	52.0	14.737031
7.3985415	58.0	16.488703
7.5149302	69.0	16.939672
7.588709	77.0	17.561691
7.3617163	58.0	16.552286
7.5027447	57.0	14.737031
7.518627	68.0	16.798897
7.437088	52.0	15.202275
7.372922	59.0	16.552286
7.4057994	61.0	16.511705
7.499351	67.0	16.511705
7.628822	77.0	17.153257
7.3572845	59.0	16.939672
7.4389954	62.0	15.854781
7.4728503	66.0	16.798897
7.4484777	76.0	18.26014
7.3979783	73.0	17.561691
7.5419436	69.0	16.849483
7.394662	72.0	17.366695
7.390684	61.0	16.552286
7.3669834	71.0	17.366695
7.4768205	74.0	17.153257
7.417769	55.0	15.800864
7.5227356	76.0	17.561691
7.4555845	54.0	15.202275
7.428975	56.0	15.800864
7.5459023	69.0	16.798897
7.4053755	56.0	15.854781
7.4003224	58.0	16.198046
7.4484096	63.0	15.854781
7.5191174	58.0	14.932934
7.437424	75.0	17.906515
7.5589275	76.0	17.153257
7.4338007	73.0	17.366695
7.4409184	60.0	15.800864
7.3970385	60.0	16.511705
7.4158463	57.0	15.854781
7.4107933	59.0	16.198046
7.4956536	67.0	16.55595
7.6570396	78.0	17.561691
7.473747	54.0	14.737031
7.4828596	55.0	14.737031
7.4188194	60.0	16.198046
7.464783	64.0	15.854781
7.4498773	65.0	16.55595
7.464766	53.0	14.737031
7.4808497	66.0	16.511705
7.3869877	62.0	16.939672
7.4912224	68.0	16.939672
7.4155354	62.0	16.511705
7.460803	62.0	15.800864
7.4946995	56.0	14.737031
7.4454455	66.0	16.939672
7.5877204	71.0	16.849483
7.4747205	75.0	17.561691
7.405232	60.0	16.488703
7.5621343	71.0	16.939672
7.5105596	66.0	15.854781
7.6178627	62.0	14.933281
7.367755	60.0	16.939672
7.468419	67.0	16.939672
7.5543165	69.0	16.511705
7.4174843	61.0	16.244709
7.5266266	68.0	16.511705
7.437369	63.0	16.244709
7.50067	64.0	15.800864
7.453742	64.0	16.244709
7.507662	75.0	17.366695
7.4920583	65.0	15.854781
7.4771767	63.0	15.800864
7.566566	70.0	16.849483
7.6268597	72.0	16.849483
7.522929	68.0	16.55595
7.620808	77.0	17.320452
7.650334	72.0	16.798897
7.5170436	65.0	15.800864
7.499519	66.0	16.244709
7.6273594	71.0	16.55595
7.4810166	65.0	16.244709
7.5735917	70.0	16.798897
7.6924925	72.0	16.7617
7.5378346	67.0	15.854781
7.544318	66.0	15.800864
7.526794	67.0	16.244709
7.6310573	71.0	16.511705
7.4317517	74.0	17.561691
7.607365	71.0	16.798897
7.550619	69.0	16.55595
7.4251165	62.0	16.488703
7.6816697	78.0	17.366695
7.689765	78.0	17.320452
7.4157023	61.0	16.488703
7.4279547	62.0	16.244709
7.4475584	53.0	15.202275
7.8088384	74.0	16.7617
7.306302	69.0	18.264631
7.4513893	61.0	15.800864
7.5843916	70.0	16.55595
7.55063	76.0	17.366695
7.8369493	71.0	15.9466915
7.55982	68.0	16.244709
7.6471977	70.0	15.854781
7.5884924	70.0	16.511705
7.5704565	68.0	15.854781
7.61251	77.0	17.366695
7.5931892	69.0	16.244709
7.5297604	62.0	15.0804825
7.700951	72.0	16.511705
7.4685225	74.0	17.366695
7.5769405	67.0	15.800864
7.60423	69.0	15.854781
7.636158	70.0	16.244709
7.653681	69.0	15.800864
7.502485	61.0	15.202275
7.4861107	60.0	15.202275
7.7405086	73.0	16.7617
7.476697	59.0	15.202275
7.602652	65.0	15.527111
7.6965184	72.0	16.55595
7.5423517	63.0	15.527111
7.67899	67.0	15.527111
7.5696263	64.0	15.527111
7.5259776	62.0	15.527111
7.493501	59.0	15.0804825
7.466226	58.0	15.202275
7.5133862	61.0	15.0804825
7.562785	63.0	15.0804825
7.610713	68.0	15.800864
7.6427765	53.0	14.45974
7.639123	65.0	15.202275
7.636021	66.0	15.527111
7.622892	51.0	14.45974
7.662842	61.0	14.737031
7.691587	74.0	16.939672
7.596154	64.0	15.147519
8.088548	29.0	13.285598
7.6704655	54.0	14.45974
8.038648	42.0	13.541751
7.763482	74.0	16.798897
7.505341	60.0	15.0804825
7.4843884	58.0	15.0804825
8.056991	44.0	13.541751
7.7590504	75.0	16.939672
7.831812	75.0	16.798897
7.82738	76.0	16.939672
7.6043944	49.0	14.45974
7.7154665	73.0	16.798897
7.595282	48.0	14.45974
8.049119	43.0	13.623293
7.6137786	50.0	14.45974
7.6347313	52.0	14.45974
7.5226817	55.0	14.619726
7.6670823	51.0	14.431783
8.075655	42.0	13.487809
7.4954767	52.0	14.619726
7.773548	71.0	16.198046
7.534522	56.0	14.619726
7.5425673	57.0	14.619726
7.696372	66.0	15.41783
8.107806	30.0	13.285598
7.686968	53.0	14.431783
7.5135694	54.0	14.619726
7.504589	53.0	14.619726
7.714657	54.0	14.431783
7.7026653	61.0	14.619726
7.9112043	49.0	13.984875
7.648586	49.0	14.431783
8.091177	45.0	13.541751
7.8032227	52.0	14.06663
7.65797	50.0	14.431783
7.6789227	52.0	14.431783
7.794111	51.0	14.06663
7.819024	54.0	14.06663
7.846289	51.0	14.042876
7.6394734	48.0	14.431783
7.6845384	51.0	14.422134
7.7202735	53.0	14.422134
7.6542015	48.0	14.422134
7.672699	50.0	14.422134
7.5486975	60.0	14.933281
7.6925836	52.0	14.422134
7.838909	56.0	14.06663
7.575983	61.0	14.933281
7.6635866	49.0	14.422134
7.8099117	53.0	14.06663
7.95031	50.0	13.984875
8.109841	43.0	13.487809
7.891319	47.0	13.984875
7.8371763	50.0	14.042876
7.8620906	53.0	14.042876
7.8819757	55.0	14.042876
8.032617	32.0	13.487676
7.8780155	57.0	14.06663
7.7191944	59.0	14.45974
7.645089	47.0	14.422134
7.830865	55.0	14.06663
7.8529778	52.0	14.042876
7.8739305	54.0	14.042876
7.2644877	67.0	18.493452
7.7628593	59.0	14.431783
8.034193	47.0	13.848787
7.9210815	56.0	14.042876
7.2916517	67.0	18.264631
8.057312	40.0	13.487809
7.903159	48.0	13.984875
8.044501	38.0	13.487809
8.135799	31.0	13.285598
7.6612873	60.0	14.529888
7.882207	46.0	13.984875
7.7684755	58.0	14.272866
7.628665	59.0	14.529888
7.714015	61.0	14.582723
7.742129	56.0	14.272866
7.9966736	46.0	13.848787
7.981663	44.0	13.848787
7.6206207	58.0	14.529888
7.5885577	59.0	14.619726
7.5608687	58.0	14.619726
7.7211766	54.0	14.272866
7.548735	59.0	14.737031
7.736513	57.0	14.431783
7.6928477	57.0	14.45974
7.634944	60.0	14.619726
7.750174	57.0	14.272866
7.7155604	55.0	14.431783
7.6087804	57.0	14.529888
7.7445583	58.0	14.431783
7.521046	58.0	14.737031
7.7302885	55.0	14.272866
7.7008924	58.0	14.45974
7.5374193	59.0	14.932934
7.724673	56.0	14.431783
7.595122	60.0	14.737031
7.6718946	55.0	14.45974
7.5996685	56.0	14.529888
7.5651093	60.0	14.932934
7.681008	56.0	14.45974
7.611496	61.0	14.932934
7.987561	45.0	13.848787
7.6458125	62.0	14.932934
7.628748	61.0	14.90475
7.25614	59.0	17.153257
7.259449	60.0	17.153257
