4.0414205	137.0	10.967254
4.030858	138.0	11.341067
4.0378203	143.0	11.341067
4.038419	144.0	11.341067
4.0335193	139.0	11.341067
4.034118	140.0	11.341067
4.0352	142.0	11.341067
4.0454884	141.0	10.967254
4.043766	138.0	10.967254
4.041048	145.0	11.341067
4.0496225	141.0	10.774694
4.0429344	136.0	10.774694
4.048707	143.0	10.967254
4.0459538	146.0	11.341067
4.050221	142.0	10.774694
4.044365	139.0	10.967254
4.0714507	142.0	10.338624
4.0458784	138.0	10.774694
4.064763	137.0	10.257765
4.072049	143.0	10.338624
4.0534444	143.0	10.774694
4.067707	139.0	10.257765
4.0470023	140.0	10.774694
4.0720944	148.0	11.676361
4.0792823	148.0	11.341067
4.0574536	147.0	11.341067
4.0832844	149.0	13.86578
4.0686436	148.0	13.86578
4.0939236	149.0	11.676361
4.0688305	141.0	10.338624
4.102644	149.0	11.341067
4.105113	150.0	13.86578
4.070636	141.0	10.105848
4.1172853	150.0	11.676361
4.1271877	151.0	13.86578
4.1388807	148.0	10.110532
4.115998	150.0	12.986417
4.1505494	152.0	13.86578
4.1155186	147.0	10.110532
4.073854	143.0	10.105848
4.1370754	148.0	10.338624
4.0830827	146.0	10.338624
4.071891	140.0	9.895592
4.1393595	151.0	12.986417
4.110613	146.0	10.110532
4.0898447	147.0	10.967254
4.143838	149.0	10.967254
4.1064444	147.0	10.338624
4.056348	144.0	10.774694
4.0781765	145.0	10.338624
4.0680165	146.0	10.967254
4.0565166	145.0	10.967254
4.1132064	148.0	10.967254
4.133549	150.0	11.341067
4.1119566	146.0	10.105848
4.061254	145.0	10.774694
4.1365733	146.0	9.895592
4.1353183	147.0	10.105848
4.0516105	144.0	10.967254
4.0749526	144.0	10.338624
4.0751095	142.0	9.895592
4.074511	141.0	9.895592
4.171796	152.0	12.986417
4.1132116	145.0	9.895592
4.149721	151.0	11.676361
4.078333	143.0	9.895592
4.077078	144.0	10.105848
4.202383	151.0	11.341067
4.201496	150.0	11.253114
4.062176	135.0	10.257765
4.192631	153.0	13.86578
4.1576824	136.0	8.699205
4.176938	135.0	8.698257
4.1697536	137.0	8.699205
4.1892724	136.0	8.698257
4.145727	136.0	8.997057
4.1510897	142.0	9.523742
4.1646185	138.0	8.902794
4.1419945	137.0	9.000301
4.131578	143.0	9.706771
4.127728	141.0	9.523742
4.1525474	137.0	8.902794
4.1496882	136.0	8.902794
4.122822	140.0	9.523742
4.108216	142.0	9.706771
4.1546865	142.0	9.511944
4.1313243	141.0	9.511944
4.160886	139.0	9.000301
4.151628	140.0	9.130965
4.10331	141.0	9.706771
4.1206107	143.0	9.743365
4.1488147	138.0	9.000301
4.136983	141.0	9.148979
4.1749897	141.0	9.130965
4.1301627	140.0	9.148979
4.1428685	135.0	8.997057
4.1603446	142.0	9.148979
4.092343	141.0	9.743365
4.1548233	135.0	8.699205
4.1391354	136.0	9.000301
4.2330165	135.0	8.594867
4.144808	139.0	9.130965
4.1252565	139.0	9.148979
4.1245046	140.0	9.511944
4.149917	134.0	8.699205
4.097249	142.0	9.743365
4.217823	133.0	8.594867
4.224635	131.0	8.567466
4.1399016	138.0	9.130965
4.2202888	135.0	8.68151
4.1353745	133.0	8.997057
4.2206817	134.0	8.594867
4.205095	133.0	8.68151
4.2057514	132.0	8.594867
4.1924257	131.0	8.68151
4.169173	133.0	8.698257
4.2395654	133.0	8.567466
4.174079	134.0	8.698257
4.1447825	135.0	8.902794
4.2237735	130.0	8.567466
4.207954	134.0	8.68151
4.2367067	132.0	8.567466
4.0768533	139.0	9.743365
4.193024	132.0	8.68151
4.1473293	133.0	8.699205
4.0800767	140.0	9.743365
4.137962	134.0	8.997057
4.1342297	135.0	9.000301
4.1316414	134.0	9.000301
4.1347756	132.0	8.997057
4.1421947	134.0	8.902794
4.1467304	132.0	8.699205
4.166585	132.0	8.698257
4.1226687	138.0	9.148979
4.0889435	145.0	10.105848
4.1659865	131.0	8.698257
4.141596	133.0	8.902794
4.265115	131.0	8.326347
4.090199	144.0	9.895592
4.2935786	130.0	8.227568
4.248036	131.0	8.471811
4.0665183	139.0	10.338624
4.232842	129.0	8.471811
4.2620363	130.0	8.326347
4.261438	129.0	8.326347
4.2899017	128.0	8.308695
4.2905	129.0	8.227568
4.243921	129.0	8.430178
4.3432646	128.0	8.140144
4.30962	128.0	8.226459
4.332982	129.0	8.226459
4.1064224	137.0	9.511944
4.0869107	138.0	9.706771
4.245177	130.0	8.471811
4.31976	127.0	8.140144
4.0850396	138.0	9.733025
4.0864897	139.0	9.733025
4.1078725	138.0	9.511944
4.088361	139.0	9.706771
4.0897136	140.0	9.733025
4.073635	137.0	9.743365
4.113531	138.0	9.257038
4.0915847	140.0	9.706771
4.456284	120.0	8.091314
4.371675	124.0	8.116137
4.1110964	139.0	9.523742
4.432015	122.0	8.10745
4.1146927	139.0	9.511944
4.083271	137.0	9.733025
4.085142	137.0	9.706771
4.112932	137.0	9.257038
4.4816008	124.0	8.10745
4.4553766	123.0	8.10745
4.1046543	136.0	9.283609
4.4796457	121.0	8.091314
4.120351	139.0	9.257038
4.110027	137.0	9.283609
4.50587	122.0	8.091314
4.2092767	139.0	8.699205
4.185915	138.0	8.699205
4.18078	139.0	8.902794
4.2285323	138.0	8.698257
4.2041416	140.0	8.902794
4.2051706	137.0	8.698257
4.340059	127.0	8.129436
4.1770473	140.0	9.000301
4.2004094	141.0	9.000301
4.3634205	128.0	8.129436
4.2307005	136.0	8.68151
4.2540627	137.0	8.68151
4.077599	134.0	9.733025
4.243428	136.0	8.594867
4.285674	136.0	8.567466
4.2707825	133.0	8.471811
4.2667904	137.0	8.594867
4.311223	134.0	8.326347
4.2623124	135.0	8.567466
4.127745	133.0	9.122542
4.2695255	132.0	8.326347
4.294144	134.0	8.471811
4.2878613	133.0	8.326347
4.335291	125.0	8.129436
4.0794697	134.0	9.706771
4.111007	135.0	9.148979
4.0808177	136.0	9.733025
4.1369987	137.0	9.130965
4.1174474	137.0	9.148979
4.3712435	129.0	8.140144
4.1256523	134.0	9.130965
4.123065	133.0	9.130965
4.2979894	131.0	8.227866
4.3396873	133.0	8.227866
4.316325	132.0	8.227866
4.2499776	134.0	8.567466
4.122466	132.0	9.130965
4.361103	130.0	8.226459
4.1295047	135.0	9.130965
4.2584476	132.0	8.471811
4.1320925	136.0	9.130965
4.1084194	134.0	9.148979
4.114859	136.0	9.148979
4.208777	143.0	9.148979
4.107821	133.0	9.148979
4.0826883	136.0	9.706771
4.203119	143.0	9.511944
4.389381	126.0	8.116137
4.199522	143.0	9.523742
4.223422	142.0	9.130965
4.254332	130.0	8.430178
4.1000633	136.0	9.511944
4.1800103	144.0	9.706771
4.093623	134.0	9.511944
4.169043	144.0	9.743365
4.0986834	133.0	9.257038
4.0986133	135.0	9.511944
4.103287	137.0	9.523742
4.105722	136.0	9.257038
4.099282	134.0	9.257038
4.096847	135.0	9.523742
4.0904045	132.0	9.283609
4.092173	133.0	9.511944
4.0968447	134.0	9.283609
4.0957775	133.0	9.283609
4.102217	135.0	9.283609
4.4389668	128.0	8.116137
4.412743	127.0	8.116137
