7.7469983	55.0	19.186607
7.758231	55.0	17.656235
7.7502327	55.0	17.767612
7.752557	56.0	19.186607
7.76967	60.0	22.715134
7.7752285	61.0	22.715134
7.7659874	59.0	22.715134
7.844449	55.0	15.842032
7.7555785	57.0	19.186607
7.761137	58.0	19.186607
7.7588134	57.0	18.758825
7.7787976	55.0	17.132908
7.764372	58.0	18.758825
7.755791	56.0	17.767612
7.7637897	56.0	17.656235
7.787377	62.0	22.715134
7.7998466	54.0	16.43632
7.795885	53.0	16.57754
7.781824	56.0	16.985907
7.806177	64.0	18.758825
7.8029437	64.0	19.186607
7.8498425	56.0	15.842032
7.774327	60.0	18.758825
7.7710934	60.0	19.186607
7.7873826	57.0	16.985907
7.7766523	61.0	19.186607
7.7657466	58.0	17.767612
7.795539	58.0	16.985907
7.763947	57.0	17.767612
7.7719464	57.0	17.656235
8.2546215	76.0	20.565414
7.7973847	63.0	19.186607
7.7713056	59.0	17.767612
7.7793036	59.0	17.656235
7.818325	65.0	18.758825
7.800619	63.0	18.758825
7.7798853	61.0	18.758825
7.84635	67.0	21.83332
7.7874603	60.0	17.656235
8.251819	76.0	21.323122
7.7973375	59.0	16.985907
7.8554015	57.0	15.842032
7.768071	59.0	19.186607
7.8150916	65.0	19.186607
7.809847	54.0	16.003561
7.773745	58.0	17.656235
7.8348475	60.0	16.648796
7.805406	55.0	16.43632
7.805753	63.0	17.767612
7.779461	60.0	17.767612
7.797597	62.0	17.767612
7.813562	56.0	16.43632
7.802896	60.0	16.985907
7.811053	61.0	16.985907
8.146961	75.0	20.565414
7.805596	62.0	17.656235
7.7916093	61.0	17.767612
7.792033	62.0	18.758825
7.823201	62.0	16.985907
7.829076	59.0	16.003561
7.8137517	63.0	17.656235
7.863767	68.0	21.83332
8.006458	61.0	15.141543
8.017602	74.0	21.83332
7.799608	61.0	17.656235
7.837344	64.0	17.166714
7.8291883	63.0	17.166714
7.815362	57.0	16.003561
7.8700275	68.0	18.758825
7.7888002	62.0	19.186607
8.061821	75.0	21.83332
7.856394	57.0	15.826965
7.8259	64.0	17.656235
7.817901	64.0	17.767612
7.9879594	60.0	15.141543
7.8209205	58.0	16.003561
7.8469954	61.0	16.648796
7.844504	54.0	15.393087
7.8422246	60.0	16.003561
7.831955	65.0	17.767612
7.909337	71.0	21.83332
8.019491	60.0	15.079909
7.934891	72.0	21.83332
7.8484306	67.0	18.758825
8.07013	73.0	18.758825
7.869147	69.0	21.83332
7.811399	56.0	16.57754
7.92242	71.0	20.565414
7.8323793	66.0	18.758825
7.850835	56.0	15.826965
7.973023	58.0	15.079909
7.826691	59.0	16.648796
7.8645506	58.0	15.842032
8.194237	76.0	21.83332
7.841716	65.0	17.656235
7.8412237	60.0	16.508408
7.8999953	68.0	17.656235
7.849493	65.0	17.166714
7.839016	63.0	16.985907
7.8783984	67.0	17.656235
8.076654	74.0	20.565414
8.01371	71.0	17.211084
7.991522	59.0	15.079909
7.8748918	58.0	15.826965
7.8480067	66.0	17.767612
7.916098	70.0	18.758825
8.003806	61.0	15.412302
8.081655	61.0	15.079909
7.901991	68.0	17.290655
7.869604	67.0	17.767612
8.078733	69.0	16.985907
7.8621984	60.0	15.8536215
7.902159	60.0	15.842032
7.9218035	69.0	17.767612
7.8146715	56.0	16.311956
7.9235883	69.0	17.290655
7.9791093	73.0	21.83332
7.8601446	62.0	16.648796
7.883048	59.0	15.842032
7.894003	59.0	15.826965
8.207477	73.0	17.290655
7.8886085	58.0	15.536419
7.8653083	66.0	17.166714
7.870425	62.0	16.116518
8.068734	62.0	15.141543
7.854373	61.0	16.508408
7.8540416	59.0	15.8536215
8.121369	72.0	17.166714
7.8694973	57.0	15.393087
7.902958	68.0	17.166714
8.195322	73.0	17.6823
7.892022	63.0	16.116518
7.899942	70.0	20.565414
8.170372	74.0	18.758825
7.950633	62.0	15.842032
7.8925047	69.0	18.758825
7.9315643	69.0	17.166714
8.178741	73.0	18.126657
7.857768	66.0	17.656235
8.077646	64.0	15.602618
8.05163	71.0	17.166714
7.897793	64.0	16.648796
7.883795	61.0	15.8536215
8.041415	63.0	15.536419
7.893197	68.0	17.767612
7.863822	61.0	16.003561
8.278033	75.0	18.758825
7.8761964	63.0	16.648796
7.881361	67.0	17.166714
7.793983	58.0	17.132908
8.286402	74.0	18.126657
8.022305	62.0	15.412302
7.8766656	65.0	16.985907
7.949345	61.0	15.826965
7.8622684	61.0	16.116518
7.851	56.0	15.393087
8.096757	65.0	15.602618
8.0776205	72.0	17.290655
7.944706	71.0	18.758825
7.855069	64.0	16.985907
7.9964204	61.0	15.536419
7.9439516	60.0	15.602618
8.125919	70.0	16.985907
8.08458	63.0	15.412302
7.92063	64.0	16.116518
7.9787507	70.0	17.166714
7.947449	50.0	14.758286
8.2304325	73.0	17.166714
7.848483	58.0	15.8536215
7.905273	66.0	16.985907
8.134745	63.0	15.243236
8.025272	64.0	15.842032
7.8454413	55.0	15.393087
8.018658	72.0	18.758825
8.103579	64.0	15.536419
7.9521956	70.0	17.290655
7.9510274	72.0	20.565414
8.225158	67.0	15.602618
7.923932	61.0	15.842032
8.100583	68.0	16.116518
7.912403	62.0	15.8536215
7.9524593	67.0	16.985907
8.308477	68.0	15.6384535
7.89243	62.0	16.003561
8.169703	65.0	15.536419
7.8961983	58.0	15.412302
7.951463	50.0	14.721067
7.9040546	52.0	15.033669
7.92686	59.0	15.533479
7.8924727	51.0	15.079909
7.9228563	65.0	16.648796
7.9225526	53.0	15.033669
7.8783455	69.0	20.565414
8.072384	66.0	16.08212
8.104176	72.0	17.211084
7.8915358	50.0	15.033669
7.9530077	51.0	14.758286
7.8859773	49.0	15.033669
7.995246	73.0	20.565414
7.907763	58.0	15.393087
8.150591	64.0	15.412302
7.920704	60.0	15.826965
7.984717	54.0	14.721067
7.915309	59.0	15.536419
7.9678154	65.0	16.116518
8.14777	69.0	16.116518
8.051973	65.0	15.842032
7.970651	61.0	15.602618
7.939616	63.0	16.003561
7.951464	66.0	16.648796
7.9595885	63.0	15.8536215
8.158921	66.0	15.602618
8.052749	59.0	14.721067
7.990585	58.0	15.033669
8.119569	67.0	16.08212
7.956644	51.0	14.721067
7.936848	59.0	15.393087
7.9760456	62.0	15.826965
8.037194	58.0	14.721067
7.848664	59.0	15.918496
7.9493017	55.0	15.079909
7.891625	70.0	21.83332
8.269066	72.0	16.985907
8.005738	64.0	16.003561
8.014623	68.0	16.985907
8.0035	63.0	15.842032
8.0105295	55.0	14.721067
7.899433	52.0	15.079909
7.9535604	60.0	15.533479
7.9635487	60.0	15.412302
8.119277	66.0	15.842032
8.179395	68.0	15.8536215
7.8869143	50.0	15.079909
7.898496	51.0	15.033669
7.972087	57.0	15.033669
7.9344635	59.0	15.412302
7.8680687	68.0	20.565414
7.840508	58.0	15.918496
8.0114975	64.0	15.8536215
8.185746	71.0	16.985907
7.9049916	53.0	15.079909
8.101323	66.0	16.003338
8.050686	64.0	15.826965
7.8349495	57.0	15.918496
7.969922	56.0	15.243236
8.245518	69.0	15.8536215
8.207595	70.0	16.116518
8.34754	70.0	15.815496
7.9691625	53.0	14.721067
7.9234896	54.0	15.079909
7.9483647	54.0	15.033669
8.034019	65.0	16.003338
8.13221	67.0	15.8536215
8.06222	67.0	16.116518
7.9441094	55.0	15.243236
8.113099	66.0	15.8536215
8.198097	68.0	15.815496
8.178987	67.0	15.815496
8.26422	69.0	15.815496
8.1427555	66.0	15.815496
8.150912	67.0	15.842032
7.963604	52.0	14.721067
8.290915	71.0	16.116518
8.328838	70.0	15.8536215
7.9459047	49.0	14.721067
8.022044	63.0	15.826965
8.077386	65.0	15.826965
8.587944	44.0	14.358319
8.071992	64.0	15.815496
8.01665	62.0	15.815496
8.03552	66.0	16.116518
8.585852	44.0	14.383575
8.340389	39.0	14.4863
8.532602	42.0	14.300041
8.375477	44.0	14.4863
8.032793	57.0	14.721067
8.64409	49.0	14.4863
8.34479	40.0	14.635648
8.61701	47.0	14.4863
8.530511	42.0	14.383575
8.360372	43.0	14.4863
8.774697	48.0	14.436197
8.55988	43.0	14.300041
8.557789	43.0	14.383575
8.125647	69.0	16.29
8.277019	53.0	14.6663885
8.401495	55.0	14.6663885
8.5125265	54.0	14.635648
8.388052	52.0	14.635648
8.292572	54.0	14.6663885
8.4036045	53.0	14.635648
8.272616	52.0	14.6663885
8.347746	42.0	14.4863
8.34891	44.0	14.635648
8.193299	70.0	16.29
8.38365	51.0	14.590921
8.492572	52.0	14.590921
8.361536	45.0	14.635648
8.398053	46.0	14.4863
8.272392	71.0	16.29
