3.9909723	137.0	10.33737
3.9928336	140.0	11.180436
3.9907749	133.0	9.1371565
3.9903717	139.0	11.180436
3.97834	138.0	11.523078
3.9795904	139.0	11.523078
3.991214	138.0	10.33737
3.9910166	134.0	9.1371565
3.9889853	138.0	11.180436
3.9957142	141.0	11.180436
4.01563	143.0	10.33737
3.9926465	136.0	9.5408
4.0016856	143.0	11.180436
3.9849966	141.0	11.523078
3.9988773	142.0	11.180436
3.9948745	138.0	9.5408
3.9940329	137.0	9.1371565
3.9935935	139.0	10.33737
3.9918582	135.0	9.5408
4.005336	133.0	8.905745
4.011875	133.0	8.89577
4.0185103	144.0	10.33737
4.0221744	145.0	10.33737
4.008979	142.0	10.33737
4.006002	146.0	13.190789
3.9945421	144.0	11.523078
4.0015264	145.0	11.523078
4.00971	144.0	11.180436
3.9873762	142.0	11.523078
4.000066	141.0	10.33737
4.060585	150.0	11.523078
4.033284	148.0	11.523078
4.0009184	140.0	9.5408
4.0127115	142.0	9.5408
4.0229545	144.0	9.5408
4.021943	147.0	11.523078
3.993791	136.0	9.1371565
3.996402	140.0	10.33737
4.067728	149.0	11.038194
3.9881976	135.0	10.33737
3.987355	136.0	11.180436
3.9909506	143.0	11.523078
3.9972541	139.0	9.5408
4.01929	143.0	9.5408
3.996412	138.0	9.1371565
4.0037265	141.0	9.5408
4.042377	147.0	10.33737
4.0536466	148.0	10.33737
4.045463	149.0	11.523078
4.02545	148.0	13.190789
4.0333714	146.0	10.33737
4.025835	145.0	9.5408
3.9775522	135.0	11.523078
3.9819698	140.0	11.523078
3.9963944	136.0	8.920976
4.2247744	155.0	13.190789
4.0836287	150.0	11.038194
4.012868	146.0	11.523078
4.037104	146.0	9.5408
4.0459657	147.0	10.181478
4.03672	149.0	13.190789
4.049866	150.0	13.190789
3.9971824	137.0	8.920976
4.0105186	140.0	9.07747
4.0695477	149.0	10.33737
3.994166	134.0	8.920976
4.016305	132.0	8.827663
3.9995618	138.0	8.920976
4.017271	147.0	13.190789
4.020979	145.0	11.180436
4.0028844	140.0	9.462363
3.9999146	139.0	9.1371565
4.037251	144.0	9.462363
4.006387	141.0	9.462363
4.100482	150.0	10.181478
4.084421	147.0	9.462363
4.0221405	142.0	9.1371565
4.0108714	141.0	9.1371565
4.057235	148.0	10.181478
4.013679	142.0	9.462363
4.034443	143.0	9.418838
4.094026	146.0	9.1371565
4.0379558	143.0	9.1371565
4.0035787	140.0	9.1371565
4.052933	147.0	9.504517
4.073208	149.0	10.181478
4.0217876	141.0	9.07747
4.033507	141.0	8.89577
4.096822	150.0	10.33737
4.0148807	138.0	8.905745
3.9939241	133.0	8.920976
4.035191	144.0	9.504517
4.022238	140.0	8.905745
4.0083523	136.0	8.905745
4.0142446	136.0	8.89577
4.0416636	146.0	9.504517
4.037603	142.0	9.07747
4.003226	139.0	8.920976
4.02813	140.0	8.89577
4.0816126	146.0	9.418838
4.0249486	143.0	9.462363
4.014495	140.0	8.920976
4.0724025	148.0	9.5408
3.987956	134.0	10.33737
4.0107317	137.0	8.905745
4.0379996	145.0	9.504517
4.0882316	149.0	9.504517
4.0217004	136.0	8.827663
4.020773	138.0	8.89577
4.054273	143.0	9.07747
4.0193214	135.0	8.827663
4.024576	136.0	8.80647
4.0166235	137.0	8.89577
4.167472	153.0	11.531889
4.054626	144.0	9.1371565
4.017898	139.0	8.905745
4.037937	140.0	8.827663
4.0910707	152.0	11.523078
4.0512905	142.0	8.89577
4.0325603	139.0	8.827663
4.037149	139.0	8.559611
4.0252028	137.0	8.827663
4.075827	148.0	9.504517
4.0992537	151.0	11.038194
4.112447	151.0	10.33737
4.116107	151.0	10.181478
4.028867	138.0	8.827663
4.0935116	146.0	9.397357
4.020912	135.0	8.80647
4.064523	151.0	13.190789
4.1134953	149.0	9.462363
4.199636	154.0	12.389959
4.031772	138.0	8.472054
4.110687	148.0	9.418838
4.028108	137.0	8.472054
4.0751696	151.0	11.523078
4.1106963	147.0	9.1371565
4.093502	147.0	9.418838
4.06703	145.0	9.1371565
4.0963106	148.0	9.462363
4.1103435	146.0	9.07747
4.0557203	141.0	8.827663
4.010987	132.0	8.89577
4.0257287	136.0	8.472054
4.057425	146.0	9.462363
4.018533	134.0	8.80647
4.0546165	145.0	9.418838
4.105916	147.0	9.397357
4.0237904	139.0	8.89577
4.0433474	144.0	9.418838
4.085689	145.0	9.07747
4.066677	144.0	9.07747
4.046156	145.0	9.462363
4.063041	130.0	8.230049
4.1849585	132.0	7.777448
3.989584	136.0	10.33737
4.061697	130.0	8.268662
4.1187987	150.0	9.504517
4.079645	152.0	13.190789
4.051187	140.0	8.559611
4.1093082	153.0	13.190789
4.2109785	127.0	7.755987
4.107258	143.0	8.730202
4.0399394	135.0	8.417255
4.1124716	145.0	8.89577
4.116902	144.0	8.827663
4.0940075	143.0	8.827663
4.0895777	144.0	8.89577
4.0458097	139.0	8.472054
4.0635915	141.0	8.730202
4.114823	132.0	8.117037
4.1258225	136.0	8.361908
4.0868955	134.0	8.268662
4.112444	131.0	8.117037
4.0957723	132.0	8.200111
4.2348323	129.0	7.755987
4.1392817	150.0	9.462363
4.1298885	132.0	7.988371
4.126974	131.0	7.988371
4.093393	131.0	8.200111
4.03756	134.0	8.417255
4.060391	130.0	8.341165
4.136473	149.0	9.418838
4.024893	134.0	8.718807
4.1452346	133.0	8.200111
4.178815	133.0	7.988371
4.1317153	130.0	7.898766
4.0454288	137.0	8.417255
4.1466756	146.0	8.89577
4.0688057	143.0	8.89577
4.1364827	148.0	9.397357
4.0417647	136.0	8.417255
4.1339374	153.0	12.389959
4.183556	132.0	7.898766
4.134961	131.0	7.8242946
4.0732355	142.0	8.827663
4.0436635	135.0	8.361908
4.0754385	140.0	8.472054
4.164285	133.0	8.117037
4.0882397	134.0	8.230049
4.039999	134.0	8.361908
4.0808153	141.0	8.559611
4.151106	145.0	8.827663
4.1521754	154.0	13.190789
4.162949	131.0	7.777448
4.2128224	128.0	7.755987
4.0864854	142.0	8.730202
4.132582	130.0	7.8242946
4.123598	147.0	9.07747
4.022513	133.0	8.718807
4.03762	133.0	8.361908
4.0629473	131.0	8.268662
4.1780653	144.0	8.80647
4.0134563	135.0	8.89577
4.2149243	155.0	15.748238
4.1605697	130.0	7.777448
4.0648274	131.0	8.230049
4.0970235	133.0	8.206184
4.0653267	132.0	8.268662
4.007564	135.0	8.905745
4.0616417	131.0	8.341165
4.0623684	133.0	8.341165
4.0703354	133.0	8.230049
4.0666714	132.0	8.230049
4.161015	134.0	8.206184
4.066033	134.0	8.341165
4.068991	133.0	8.268662
