7.441578	58.0	19.462812
7.4428062	59.0	19.688107
7.449747	61.0	19.462812
7.4397626	57.0	19.462812
7.447933	60.0	19.462812
7.4409924	58.0	19.688107
7.4816008	63.0	18.536375
7.4797864	62.0	18.536375
7.5036926	63.0	18.532389
7.449766	56.0	19.010603
7.454138	58.0	19.010603
7.4674807	56.0	18.536375
7.4515815	57.0	19.010603
7.4638524	63.0	19.010603
7.4656672	64.0	19.010603
7.48982	59.0	17.963234
7.496957	59.0	17.913414
7.505458	60.0	17.913414
7.498293	60.0	17.963234
7.465508	55.0	18.536375
7.4757695	56.0	17.963234
7.4698777	57.0	18.536375
7.504785	63.0	18.191221
7.506794	61.0	17.963234
7.4509773	62.0	19.688107
7.459751	60.0	19.010603
7.5055065	64.0	18.532389
7.486963	64.0	18.536375
7.5123014	65.0	18.191221
7.462307	61.0	19.010603
7.4724617	65.0	19.010603
7.4839406	59.0	18.532389
7.4937572	65.0	18.536375
7.517663	66.0	18.191221
7.5104876	64.0	18.191221
7.4559517	59.0	19.010603
7.49799	62.0	18.532389
7.4565415	62.0	19.462812
7.4668965	65.0	19.688107
7.4718504	58.0	18.536375
7.477742	57.0	17.963234
7.477465	60.0	18.536375
7.4736657	59.0	18.536375
7.504989	66.0	18.536375
7.5108685	65.0	18.532389
7.4859133	60.0	18.532389
7.473691	66.0	19.688107
7.5119495	62.0	17.963234
7.49743	67.0	19.010603
7.487727	61.0	18.532389
7.4795575	58.0	17.963234
7.5204506	63.0	17.963234
7.4829073	56.0	17.389639
7.5288954	67.0	18.191221
7.5187254	67.0	18.536375
7.75493	74.0	18.532389
7.7657757	77.0	20.857769
7.498659	68.0	19.688107
7.483694	66.0	19.010603
7.484923	67.0	19.688107
7.537911	63.0	17.278387
7.512885	68.0	19.010603
7.5367913	69.0	19.010603
7.5324802	64.0	17.963234
7.5426316	68.0	18.532389
7.5642896	70.0	19.010603
7.534181	68.0	18.536375
7.457772	63.0	19.688107
7.543712	65.0	18.016024
7.5580873	69.0	18.532389
7.513725	61.0	17.278387
7.5479364	65.0	17.963234
7.5262814	70.0	20.857769
7.4988713	56.0	17.278387
7.511911	60.0	17.278387
7.531682	64.0	18.016024
7.5222254	62.0	17.278387
7.503265	59.0	17.744272
7.5125446	69.0	20.857769
7.681294	76.0	20.857769
7.5443506	68.0	18.191221
7.585585	70.0	18.532389
7.6228833	73.0	19.688107
7.538939	70.0	19.688107
7.733616	77.0	22.54148
7.5593977	66.0	18.016024
7.7348633	75.0	19.688107
7.563621	66.0	17.963234
7.733634	74.0	19.010603
7.670448	73.0	18.532389
7.5718493	69.0	18.191221
7.565643	72.0	20.857769
7.646228	75.0	22.54148
7.5267086	60.0	17.091127
7.484721	57.0	17.389639
7.613758	70.0	18.191221
7.553366	64.0	17.278387
7.535209	61.0	17.091127
7.650381	74.0	19.688107
7.64295	72.0	18.532389
7.6537957	75.0	20.857769
7.621654	72.0	19.010603
7.629891	74.0	20.857769
7.5499406	64.0	17.744272
7.7859344	73.0	18.016024
7.649152	73.0	19.010603
7.5141144	69.0	19.688107
7.598977	72.0	19.688107
7.534256	63.0	17.744272
7.615156	68.0	17.963234
7.565519	71.0	19.688107
7.8704166	74.0	18.016024
7.602351	68.0	18.016024
7.5911193	67.0	17.963234
7.597748	71.0	19.010603
7.5417366	71.0	20.857769
7.9192204	75.0	18.532389
7.574853	67.0	18.016024
7.609881	67.0	17.744272
7.6567106	72.0	18.191221
7.59314	73.0	20.857769
7.65811	70.0	17.963234
7.669342	71.0	18.016024
7.5006866	57.0	17.278387
7.897925	75.0	19.010603
7.676872	70.0	17.924204
7.6190434	71.0	18.536375
7.641844	70.0	18.016024
7.5653963	65.0	17.744272
7.5710464	65.0	17.278387
7.6274943	71.0	18.532389
7.6292133	71.0	18.191221
7.6263885	69.0	18.016024
7.899154	76.0	19.688107
7.583076	66.0	17.744272
7.6306114	69.0	17.963234
7.5508943	62.0	17.091127
7.5978503	66.0	17.278387
7.56635	63.0	17.091127
7.6500673	69.0	17.924204
7.7411933	73.0	18.191221
7.509352	59.0	17.389639
7.4965324	58.0	17.389639
7.6942034	71.0	17.963234
7.613725	65.0	17.091127
7.5869203	64.0	17.091127
7.524894	59.0	17.091127
7.8043084	73.0	17.963234
7.632387	68.0	17.924204
7.7146363	71.0	17.924204
7.91095	74.0	17.924204
7.6955705	65.0	16.470373
7.88879	74.0	17.963234
7.7165117	66.0	16.470373
8.388379	43.0	13.889922
7.653915	66.0	17.091127
7.6455603	59.0	16.589302
7.896425	61.0	14.962969
7.633322	60.0	16.86607
7.807237	67.0	16.470373
7.709581	65.0	15.900728
7.648777	61.0	16.86607
7.825808	73.0	17.924204
7.6773815	64.0	16.470373
7.70811	65.0	16.443222
7.661926	63.0	16.470373
7.6759357	63.0	15.900728
7.6744647	63.0	16.443222
7.6913915	64.0	15.900728
7.647375	60.0	16.589302
7.8782353	60.0	14.962969
7.7027473	64.0	15.690884
7.8197756	67.0	16.443222
7.736095	69.0	17.278387
7.866972	59.0	14.962969
7.820553	67.0	15.900728
7.6356153	67.0	17.278387
7.6899204	64.0	16.443222
7.6527367	61.0	16.589302
7.6565638	62.0	16.470373
7.6691027	62.0	15.690884
7.723689	65.0	15.690884
7.7191396	64.0	15.649629
7.735403	69.0	17.496906
7.685495	62.0	15.649629
7.6476455	68.0	17.744272
7.5120487	55.0	17.14351
7.667289	61.0	15.690884
7.729051	66.0	16.443222
7.684558	63.0	15.690884
7.8144135	66.0	15.849408
7.641385	59.0	16.853123
7.7400813	65.0	15.649629
7.631349	59.0	16.86607
7.70095	63.0	15.649629
7.513863	56.0	17.14351
7.7305217	66.0	15.900728
7.6394124	58.0	16.853123
7.65375	61.0	16.470373
7.857931	61.0	15.41243
7.6836805	61.0	15.649629
8.014898	69.0	16.624945
7.878873	62.0	15.41243
7.760443	68.0	17.037895
7.824286	59.0	15.41243
7.824984	68.0	16.624945
7.7342596	67.0	16.624945
7.648388	60.0	16.470373
7.666289	61.0	16.443222
7.821188	58.0	15.41243
7.6465735	59.0	16.470373
7.8397417	60.0	15.41243
7.6609273	60.0	15.690884
7.9173665	62.0	14.962969
7.713318	66.0	16.624945
7.6773186	60.0	15.649629
7.6591125	59.0	15.690884
7.6755047	59.0	15.649629
7.853549	57.0	14.962969
7.8517346	56.0	14.962969
7.8523655	69.0	16.86607
7.8566475	58.0	14.962969
7.8069706	71.0	17.744272
7.7949395	70.0	17.278387
7.944791	72.0	17.665474
7.8723383	72.0	17.744272
7.956822	73.0	17.744272
7.8734465	71.0	17.278387
7.769847	68.0	16.86607
7.860308	71.0	17.583603
7.90846	70.0	17.037895
7.940754	60.0	14.779089
7.7568026	72.0	17.924204
7.829952	69.0	17.037895
7.919812	59.0	14.779089
7.722197	67.0	16.98074
7.743796	70.0	17.744272
7.7317653	69.0	17.583603
7.901623	58.0	14.779089
7.666397	68.0	17.278387
7.7474074	72.0	17.963234
7.695393	66.0	16.98074
7.6784277	69.0	17.744272
7.7127934	67.0	17.037895
7.8903594	57.0	14.779089
7.850073	69.0	16.98074
7.68599	66.0	17.037895
7.8126526	57.0	15.41243
7.9325924	70.0	16.98074
7.674452	65.0	16.98074
8.149324	71.0	16.98074
7.875122	54.0	14.779089
7.650803	64.0	17.037895
7.8108387	56.0	15.41243
7.880035	56.0	14.212507
7.8450136	56.0	15.065806
7.876936	55.0	14.779089
7.87822	55.0	14.212507
7.635118	63.0	17.037895
7.639265	63.0	16.98074
7.6678014	65.0	17.037895
7.656263	64.0	16.98074
7.843199	55.0	15.065806
7.935616	70.0	16.86607
7.900976	57.0	14.212507
7.898224	57.0	14.670993
7.626617	62.0	17.037895
7.637451	62.0	16.98074
7.6310897	61.0	16.98074
7.9191656	58.0	14.670993
7.6248035	61.0	17.037895
7.629275	60.0	16.98074
7.883463	55.0	14.03213
7.8852777	56.0	14.03213
8.088584	51.0	14.018917
8.11327	51.0	13.916379
8.111456	50.0	13.916379
8.08677	50.0	14.018917
7.9486566	69.0	16.853123
8.146177	70.0	16.853123
