4.3081694	129.0	15.006217
4.3067794	125.0	11.244488
4.311445	124.0	9.928693
4.308695	122.0	9.928693
4.3095417	123.0	9.928693
4.3088627	124.0	10.28738
4.3085065	125.0	10.353212
4.309486	128.0	11.244488
4.3076262	126.0	11.244488
4.3131514	125.0	9.928693
4.3116136	126.0	10.28738
4.319524	124.0	9.34159
4.3093534	126.0	10.353212
4.309016	130.0	15.006217
4.3097095	125.0	10.28738
4.3178825	128.0	10.28738
4.317714	126.0	9.928693
4.310333	129.0	11.244488
4.3110595	127.0	10.353212
4.3171887	133.0	15.006217
4.3166018	131.0	11.244488
4.3156223	128.0	10.353212
4.3124166	128.0	10.661757
4.3186855	130.0	10.661757
4.3133197	127.0	10.28738
4.3140297	131.0	11.252267
4.3235135	131.0	10.661757
4.312039	130.0	11.244488
4.3203707	125.0	9.34159
4.3264513	130.0	10.353212
4.322274	126.0	9.34159
4.31092	131.0	15.006217
4.337606	122.0	9.259238
4.323981	127.0	9.34159
4.328543	128.0	9.34159
4.3202987	133.0	11.252267
4.3227105	129.0	10.28738
4.3141227	129.0	10.661757
4.3126264	132.0	15.006217
4.3420625	125.0	9.259238
4.3403563	124.0	9.259238
4.322542	127.0	9.928693
4.3466253	126.0	9.259238
4.3384523	123.0	9.259238
4.337851	121.0	9.153456
4.342308	124.0	9.153456
4.3557324	128.0	9.308478
4.3157363	132.0	11.252267
4.331138	131.0	10.353212
4.338836	120.0	8.965342
4.345405	122.0	8.842275
4.340602	123.0	9.153456
4.337261	133.0	10.661757
4.338698	122.0	9.153456
4.3539677	123.0	8.647631
4.339683	121.0	8.965342
4.3436985	121.0	8.842275
4.3288746	133.0	11.244488
4.3374376	134.0	11.244488
4.346252	123.0	8.849573
4.341768	132.0	10.28738
4.343293	123.0	8.965342
4.347856	124.0	8.965342
4.3445454	122.0	8.849573
4.341587	122.0	8.965342
4.3411345	136.0	11.252267
4.352064	122.0	8.647631
4.321787	132.0	11.244488
4.332572	135.0	11.252267
4.3499675	123.0	8.842275
4.3286986	132.0	10.661757
4.3278956	130.0	10.28738
4.3309364	135.0	15.006217
4.322374	134.0	15.006217
4.3508143	124.0	8.849573
4.341795	120.0	8.842275
4.3363233	132.0	10.353212
4.342642	121.0	8.849573
4.3416	130.0	9.34159
4.3631263	135.0	10.661757
4.350167	126.0	9.153456
4.351152	125.0	8.988113
4.3338966	131.0	10.28738
4.390533	139.0	11.36801
4.3532553	134.0	10.353212
4.347891	134.0	10.661757
4.3446927	133.0	10.353212
4.327728	128.0	9.928693
4.3820567	134.0	9.34159
4.367956	135.0	10.28738
4.39196	136.0	10.28738
4.3503575	121.0	8.647631
4.37734	128.0	8.988113
4.38587	131.0	9.259238
4.432355	136.0	9.34159
4.346953	133.0	10.28738
4.325484	134.0	11.252267
4.346785	131.0	9.34159
4.367788	133.0	9.34159
4.320807	129.0	10.353212
4.35853	124.0	8.730598
4.3596816	128.0	9.259238
4.4642053	142.0	11.36801
4.406061	135.0	9.34159
4.3819203	131.0	9.308478
4.3555155	134.0	10.28738
4.4882097	143.0	11.36801
4.3946395	132.0	9.308478
4.4089084	133.0	9.308478
4.3518295	127.0	9.259238
4.37086	138.0	11.252267
4.389074	130.0	9.153456
4.3519278	135.0	11.244488
4.355347	132.0	9.34159
4.367163	136.0	11.244488
4.3763547	129.0	9.153456
4.400139	132.0	9.259238
4.41996	133.0	9.259238
4.4033427	131.0	9.153456
4.3456044	125.0	9.153456
4.355352	127.0	9.153456
4.3337283	129.0	9.34159
4.3681664	120.0	8.634756
4.4685373	142.0	11.339633
4.474138	135.0	9.259238
4.377636	120.0	8.459634
4.355625	137.0	11.252267
4.444533	141.0	11.339633
4.3734293	130.0	9.259238
4.36948	130.0	9.308478
4.3609176	129.0	9.308478
4.3770022	127.0	8.849573
4.369873	121.0	8.634756
4.4043283	130.0	8.988113
4.3648667	129.0	9.259238
4.4166284	140.0	11.252267
4.432913	134.0	9.308478
4.518774	144.0	11.692547
4.4439645	134.0	9.259238
4.3648996	127.0	8.988113
4.4122963	140.0	11.36801
4.427347	132.0	9.153456
4.418254	137.0	10.28738
4.4630866	135.0	9.308478
4.4363008	141.0	11.36801
4.3465896	124.0	8.988113
4.3639145	128.0	9.153456
4.390059	129.0	8.988113
4.457521	133.0	9.153456
4.392624	139.0	11.252267
4.37954	121.0	8.459634
4.3912716	128.0	8.849573
4.3717766	122.0	8.634756
4.411101	137.0	10.303384
4.356337	126.0	8.988113
4.4088945	137.0	10.661757
4.4283323	131.0	8.988113
4.398709	128.0	8.826815
4.458506	132.0	9.021855
4.3844395	127.0	8.826815
4.3591523	124.0	8.647631
4.387097	136.0	10.303384
4.3848896	136.0	10.661757
4.4648376	122.0	8.132032
4.381246	122.0	8.459634
4.355153	124.0	8.842275
4.450568	121.0	8.132032
4.3559995	125.0	8.849573
4.468031	121.0	7.997086
4.363715	125.0	8.730598
4.459326	122.0	8.23991
4.404535	125.0	8.459634
4.4129314	138.0	11.244488
4.3889265	137.0	11.244488
4.364562	126.0	8.849573
4.386431	123.0	8.459634
4.3928814	124.0	8.52782
4.4188037	126.0	8.459634
4.4450564	121.0	8.23991
4.376962	123.0	8.634756
4.3834124	124.0	8.634756
4.365603	125.0	8.647631
4.453762	120.0	7.997086
4.415276	129.0	8.947206
4.3719993	126.0	8.730598
4.436802	124.0	8.355427
4.5786276	145.0	17.173445
4.4011655	125.0	8.52782
4.422533	123.0	8.355427
4.4639974	119.0	7.9158053
4.391696	125.0	8.634756
4.415435	126.0	8.52782
4.373887	126.0	8.647631
4.3881564	127.0	8.647631
4.405966	126.0	8.634756
4.3947153	124.0	8.459634
4.4652247	119.0	7.8984523
4.41081	121.0	8.355427
4.479494	120.0	7.8984523
4.3862686	127.0	8.730598
4.4127135	122.0	8.355427
4.4782667	120.0	7.9158053
4.4333334	119.0	8.23991
4.431627	118.0	8.23991
4.435237	120.0	8.23991
4.4541783	118.0	7.9158053
4.4091034	120.0	8.355427
4.4524717	117.0	7.9158053
4.4371386	118.0	8.132032
4.4403324	117.0	7.997086
4.4388447	119.0	8.132032
4.439618	116.0	7.997086
4.4407487	120.0	8.132032
4.430913	117.0	8.23991
4.4420385	118.0	7.997086
4.443942	119.0	7.997086
4.450568	116.0	7.9158053
4.449854	115.0	7.9158053
4.407963	119.0	8.355427
4.4359984	117.0	8.132032
4.453699	117.0	7.8984523
4.4517956	116.0	7.8984523
4.4554057	118.0	7.8984523
4.450655	115.0	7.8984523
