200 400 20 10
27 76
74 77
63 67
22 69
41 38
66 56
42 60
12 52
36 56
31 63
57 1
70 90
31 1
97 87
63 46
87 81
17 39
59 47
30 0
46 85
14 58
73 59
93 17
29 81
30 88
84 38
93 42
83 98
83 86
61 38
54 61
23 86
30 44
2 55
1 6
43 34
81 50
83 63
93 70
28 39
9 61
16 91
68 30
19 55
29 55
78 42
33 98
68 95
27 91
90 18
62 79
39 67
97 78
83 14
17 78
25 51
13 11
87 92
9 24
61 7
89 55
8 45
34 6
14 10
44 48
40 91
99 4
13 94
71 48
89 12
53 84
15 64
46 94
35 85
23 31
47 72
4 58
80 84
59 88
59 76
3 8
62 43
15 1
62 45
4 4
34 76
19 5
28 38
15 82
43 46
15 10
90 31
2 95
4 74
87 17
54 23
0 29
95 73
71 56
17 50
73 20
41 45
16 56
5 54
47 39
39 75
19 23
28 37
48 18
2 38
1 88
47 63
49 69
35 12
3 11
56 97
62 90
93 24
32 66
79 69
35 18
3 67
94 51
71 6
21 94
82 70
48 31
39 8
10 28
4 70
63 36
99 0
35 56
78 39
62 100
14 34
39 1
58 17
51 92
1 61
79 64
48 63
23 99
31 77
55 80
77 43
9 92
18 53
77 85
35 3
75 65
21 83
10 30
31 23
0 49
34 88
63 44
27 100
64 87
76 5
30 68
85 68
62 0
39 100
69 55
99 76
48 79
21 2
90 95
87 47
4 40
12 56
58 82
72 90
20 66
92 64
13 1
65 48
12 86
67 70
18 65
31 24
94 59
32 33
70 39
94 33
89 90
98 11
59 97
33 59
88 14
40 53
15 95
25 46
48 69
29 37
37 56
4 27
12 15
59 68
85 5 0.76
59 65 0.82
69 85 0.91
55 84 0.98
53 80 0.79
63 62 0.76
5 52 0.85
99 63 0.96
87 68 0.8
24 33 0.93
23 68 0.89
38 76 0.77
29 27 0.83
20 5 0.89
85 99 0.93
11 54 0.89
68 35 0.92
88 68 0.92
63 1 0.86
96 59 0.75
25 71 0.91
0 37 0.88
40 5 0.82
70 69 0.91
81 61 0.79
93 76 0.94
75 93 0.8
74 33 0.83
0 43 0.83
81 60 0.96
92 71 0.82
26 91 0.82
22 7 0.94
74 15 0.85
40 16 0.99
48 87 0.79
72 17 0.86
23 76 0.86
56 38 0.96
23 11 0.8
45 52 0.99
94 39 1.0
56 31 0.91
66 37 0.87
13 24 1.0
90 73 0.8
1 24 0.76
3 47 0.99
49 26 0.9
26 58 0.82
36 11 0.95
8 37 0.91
91 6 1.0
79 87 0.81
2 81 0.98
71 43 0.91
51 51 0.88
73 9 0.85
81 71 0.93
74 24 1.0
66 67 0.87
55 61 0.9
53 55 0.85
59 81 0.77
73 100 0.96
38 17 1.0
48 47 0.79
34 15 0.76
70 19 0.83
95 35 1.0
81 37 0.83
7 2 0.88
60 4 0.9
44 87 0.87
15 93 0.88
8 31 0.83
66 12 0.75
15 19 0.76
2 56 0.79
23 73 0.95
8 38 0.82
28 70 0.75
69 45 0.81
55 17 0.81
40 29 0.88
49 31 0.83
76 42 0.87
98 8 0.99
40 74 0.84
92 53 0.88
29 59 0.81
57 66 0.84
76 45 0.96
56 39 0.91
23 59 0.88
7 60 0.93
0 48 0.99
21 25 0.91
53 87 0.75
91 81 0.75
83 57 0.93
40 44 0.97
11 89 0.98
46 34 0.82
81 82 0.98
90 70 0.97
36 40 0.99
13 7 0.87
88 100 0.83
75 74 0.85
73 22 0.84
27 98 0.78
18 31 0.88
100 51 0.8
71 92 0.86
42 41 0.8
14 39 0.92
28 52 0.8
7 33 0.91
3 54 0.77
6 95 0.92
49 64 0.91
88 16 1.0
93 22 0.78
79 28 0.8
93 23 0.84
49 45 0.76
19 89 0.99
26 52 0.86
33 17 0.99
33 22 0.85
72 50 0.88
72 70 0.95
48 98 0.87
100 48 0.82
78 38 0.86
16 68 0.87
11 7 0.81
51 89 0.86
9 67 0.93
83 15 0.88
10 35 0.8
52 7 0.77
97 18 1.0
69 26 0.78
93 6 0.96
22 1 0.95
9 49 1.0
100 36 0.96
82 55 0.95
94 19 0.91
72 47 0.88
29 79 0.78
99 20 0.9
83 8 0.88
83 37 0.82
20 99 0.78
36 35 0.75
65 81 0.85
94 64 0.97
32 61 0.88
41 88 0.97
30 17 0.96
24 57 0.91
89 79 0.82
80 51 0.93
13 91 0.9
55 2 0.8
22 84 0.85
47 18 0.82
70 11 0.8
35 43 0.79
83 34 0.85
90 76 0.96
90 48 0.85
19 0 0.76
8 73 0.91
0 24 0.87
94 60 0.87
14 24 0.98
100 53 0.93
91 21 0.77
54 51 0.87
29 68 0.87
100 54 1.0
43 17 0.9
62 78 1.0
38 82 0.97
2 17 0.79
53 44 0.9
9 65 0.78
56 93 0.82
96 3 0.84
29 95 0.87
32 79 1.0
100 61 0.82
83 55 0.78
80 55 0.96
83 70 0.94
28 40 0.97
57 62 0.91
69 5 0.97
78 18 0.86
81 58 0.97
30 99 0.89
1 91 0.78
56 12 0.8
33 39 0.87
82 46 0.8
3 59 0.93
8 86 0.76
95 23 0.76
35 94 0.84
30 45 0.77
26 8 0.89
65 29 0.83
82 98 0.78
73 21 0.85
5 98 0.95
32 30 0.82
19 38 0.91
13 66 0.99
1 77 0.76
96 14 0.87
30 14 0.88
60 19 0.85
32 41 0.77
53 38 0.86
89 8 0.83
56 36 0.87
12 97 0.88
92 87 0.84
95 95 0.93
75 14 0.75
91 10 0.9
14 63 0.94
69 3 0.9
27 65 0.9
72 14 0.88
28 0 0.98
6 81 0.93
75 2 0.78
12 67 0.96
92 89 0.85
36 50 0.77
27 89 0.92
31 94 0.77
70 86 1.0
29 33 0.87
91 78 1.0
94 78 0.96
36 25 0.75
88 51 0.97
78 67 0.87
4 91 0.83
39 93 1.0
92 56 1.0
20 73 0.96
69 72 0.98
47 54 0.78
89 83 0.8
16 83 0.83
29 92 0.85
92 68 0.97
63 83 0.77
15 54 0.76
82 33 0.95
71 75 0.85
27 70 0.9
86 10 0.87
55 31 0.94
77 44 0.8
77 59 0.8
27 12 0.83
10 7 0.79
14 100 0.88
75 46 0.75
70 44 0.93
40 39 1.0
60 15 0.99
73 36 0.83
38 28 0.89
80 54 0.92
53 2 0.9
86 66 0.97
49 3 0.98
53 50 0.82
61 73 0.99
27 26 0.9
50 62 0.9
99 54 0.93
80 20 0.8
26 77 0.92
14 66 0.95
38 68 0.99
12 24 0.91
73 5 0.77
61 27 0.8
29 77 0.91
34 36 0.98
96 85 0.79
89 99 0.92
72 42 0.81
60 0 0.87
94 37 0.8
19 99 0.91
79 49 0.88
89 63 0.9
95 93 0.79
86 59 0.89
57 51 0.8
18 0 0.89
10 73 0.85
24 28 0.9
15 69 0.81
3 9 0.86
18 41 0.98
40 19 0.93
56 17 0.8
32 28 0.86
37 63 0.84
63 91 0.8
46 31 0.76
22 86 0.77
57 90 0.95
62 49 0.92
85 46 0.8
39 48 0.86
84 8 0.91
0 78 0.81
1 94 0.85
52 63 0.89
66 61 0.94
84 55 0.75
51 80 0.99
80 5 0.75
57 85 0.92
16 60 0.75
53 3 0.88
16 85 0.98
37 92 0.77
89 67 0.97
4 61 0.96
37 13 0.78
36 84 0.98
91 58 0.91
45 95 0.88
94 46 0.98
7 12 0.95
17 13 0.75
34 2 0.78
87 100 0.92
48 28 0.77
78 89 0.77
12 14 0.77
21 14 1.0
85 14 0.83
72 84 0.95
20 32 0.77
12 31 0.79
97 70 0.76
30 59 0.86
21 91 0.96
10 94 0.79
63 54 0.95
87 3 0.96
37 40 0.97
90 52 0.86
75 88 1.0
1 54 0.92
68 26 0.76
44 76 0.79
79 46 0.82
67 45 0.92
54 65 0.78
46 86 0.94
46 59 0.88
71 16 1.0
80 60 0.78
79 40 0.77
3 70 0.97
87 80 0.92
15 88 0.94
35 0 0.79
18 50 0.82
95 40 0.94
10 39 0.99
26 63 0.9
18 80 0.98
3 91 0.91
85 91 0.9
7 84 0.79
89 19 0.93
64 4 0.96
72 30 0.82
64 44 0.9
25 6 0.8
13 32 0.78
5 90 0.98
0 4 0.78
