200 400 20 10
45 59
99 63
66 79
33 17
81 9
64 35
46 73
48 72
66 95
23 92
27 98
16 100
18 70
39 93
37 62
73 94
6 60
3 25
71 67
16 85
53 50
19 93
15 21
83 73
59 51
9 21
21 34
39 80
56 17
79 71
81 17
67 34
3 33
82 57
8 41
69 62
100 88
58 4
70 75
55 68
77 19
100 74
74 38
88 68
33 22
42 26
97 31
69 48
99 36
84 47
49 51
47 27
88 62
26 80
16 73
48 71
23 9
38 37
23 69
18 13
30 51
72 62
73 60
53 93
93 58
35 56
62 32
64 14
39 24
68 13
41 60
8 13
52 31
33 11
43 88
53 40
61 90
89 44
29 63
60 21
26 27
35 52
25 76
55 24
73 42
0 70
33 58
70 23
19 72
24 67
25 20
96 5
94 90
72 91
59 24
49 83
45 74
47 56
41 79
25 40
72 65
63 31
2 13
86 6
61 76
43 87
67 93
34 59
57 74
64 38
38 77
24 49
69 89
33 97
38 66
5 92
61 20
87 57
17 15
17 33
17 98
3 14
40 46
19 3
62 41
14 5
11 48
18 23
57 64
22 78
51 59
47 32
34 70
11 5
38 94
68 33
98 13
48 69
43 56
1 33
26 62
97 23
49 18
7 61
8 75
28 71
70 80
67 88
79 81
19 68
55 96
18 39
28 97
70 56
81 10
73 63
17 75
43 70
38 72
78 37
3 95
26 78
16 65
22 19
3 21
16 37
15 36
15 80
97 99
91 92
1 21
80 27
51 25
52 45
56 33
70 40
37 99
62 70
51 0
87 98
12 65
36 81
91 99
38 93
18 80
57 58
10 85
62 19
94 58
55 27
42 54
72 12
78 38
11 16
85 77
12 1
10 80
8 100
83 18
40 99
1 59 0.9
31 65 0.99
20 82 0.93
74 78 0.88
69 6 0.8
83 45 0.89
78 65 0.8
55 4 0.83
78 53 0.82
17 13 0.98
60 47 0.97
45 42 0.86
58 27 0.98
20 24 0.96
49 26 0.83
72 43 0.9
98 98 0.86
96 18 0.87
9 66 0.78
69 74 0.76
14 76 0.98
94 0 0.81
11 98 0.78
7 90 0.94
96 6 0.91
30 79 0.82
48 62 0.94
56 55 0.85
10 88 0.93
40 9 1.0
84 68 0.84
31 53 0.98
36 58 0.91
68 35 0.85
45 50 0.86
52 68 0.75
97 19 0.89
19 61 0.98
98 20 0.8
22 6 0.77
40 79 0.99
33 26 0.99
63 40 1.0
17 10 0.82
75 25 0.9
11 32 0.86
92 61 0.8
28 4 0.98
67 59 0.84
31 100 0.81
45 17 0.85
31 89 0.86
51 51 0.76
65 11 0.86
29 7 0.81
70 0 0.76
68 96 1.0
22 25 0.94
24 76 0.76
8 11 0.81
10 29 0.99
31 12 0.9
96 59 0.87
15 31 0.95
14 25 0.99
31 7 0.87
41 38 0.9
81 31 0.93
46 57 1.0
86 54 0.83
17 50 0.91
17 61 0.79
78 80 0.78
5 52 0.95
99 15 0.91
56 20 0.89
78 36 0.77
97 91 0.92
51 100 0.9
71 33 1.0
50 34 0.84
70 78 0.76
33 28 0.99
19 84 0.99
46 55 0.78
44 63 0.78
59 59 0.76
96 14 0.8
49 0 0.94
81 90 0.82
6 61 0.94
79 58 0.95
60 3 0.93
84 57 0.82
19 71 0.89
78 91 0.97
49 36 0.94
20 45 0.86
12 83 0.82
0 96 0.96
9 97 0.83
24 31 0.78
70 52 0.8
77 82 0.99
65 50 1.0
35 51 0.98
22 40 0.99
17 22 0.79
16 59 0.98
2 88 0.79
69 34 0.93
43 38 0.76
26 39 0.86
66 34 0.86
93 72 0.92
99 65 0.92
45 73 0.95
56 25 0.75
20 11 0.88
22 37 0.86
70 48 0.95
35 94 0.84
14 12 0.78
8 93 0.98
38 29 0.95
37 2 0.79
95 39 0.75
31 41 0.84
10 16 0.95
2 29 0.84
36 4 0.96
78 49 0.77
40 6 0.78
20 21 0.84
64 74 0.94
11 15 0.84
92 66 0.92
19 76 0.92
68 6 0.87
83 86 0.99
72 17 0.75
52 30 0.92
33 81 0.96
95 30 0.99
92 27 0.84
54 82 0.97
91 60 0.93
54 44 0.8
97 82 0.85
81 41 0.77
40 36 1.0
41 86 0.81
88 71 0.87
65 62 0.79
55 80 0.85
13 22 0.89
18 44 0.87
13 27 0.82
28 21 0.91
28 38 0.83
77 40 0.86
75 80 0.81
59 2 0.83
14 36 0.75
68 44 0.79
1 73 0.8
7 96 0.95
90 49 0.85
71 56 0.78
42 55 0.82
34 47 0.83
70 79 0.77
73 73 0.87
57 4 0.77
91 62 0.83
90 14 0.75
91 66 0.79
17 71 0.98
76 75 0.89
57 96 0.97
82 67 0.96
19 16 0.75
63 18 0.88
69 57 0.94
55 65 0.92
43 35 0.99
29 9 0.91
22 47 0.91
2 93 0.85
48 59 0.83
71 87 1.0
11 11 0.94
85 83 0.98
27 12 0.96
63 53 0.91
57 93 0.82
53 29 0.91
19 7 0.91
79 52 0.94
13 11 0.95
21 70 0.79
70 61 0.77
90 9 0.97
79 24 0.87
50 6 0.94
5 44 0.77
60 5 0.79
64 85 0.82
16 19 0.92
2 4 0.87
40 27 0.8
72 3 0.88
14 33 0.83
75 30 0.8
90 17 0.81
0 92 0.77
14 73 0.98
28 6 0.86
99 16 0.99
100 59 0.79
95 54 0.93
9 31 0.95
48 33 0.9
57 66 0.83
53 92 0.93
80 88 0.83
61 4 0.8
57 53 0.92
40 17 0.95
1 26 0.78
84 60 0.98
1 8 0.97
71 28 0.75
58 22 0.78
15 63 0.76
87 52 0.96
8 46 1.0
18 58 0.81
96 27 0.76
1 100 0.79
65 89 0.91
11 21 0.86
42 97 0.93
25 38 0.82
32 16 0.98
60 67 0.82
34 36 0.91
24 88 0.81
72 50 0.85
86 66 0.84
86 20 0.98
64 72 0.93
100 52 0.83
20 36 0.91
21 92 0.79
32 78 0.89
7 57 0.85
29 4 0.85
5 5 0.76
12 97 0.76
50 13 0.84
76 70 0.87
23 18 1.0
40 90 0.88
94 86 0.77
86 97 0.9
50 15 0.8
23 42 0.79
2 58 0.98
53 73 0.8
85 95 0.95
22 38 0.87
68 87 0.87
51 37 0.91
76 88 0.8
89 32 0.79
87 75 0.83
89 73 0.85
93 81 0.96
25 49 0.95
71 77 0.94
52 2 0.95
26 35 0.76
38 74 0.95
33 74 0.99
30 73 0.78
59 93 0.93
24 6 0.97
41 42 0.98
71 49 0.76
23 7 0.76
10 45 0.81
77 73 0.84
50 44 0.83
16 68 1.0
73 75 0.81
8 82 0.8
5 75 0.94
70 97 0.79
17 100 0.97
74 98 0.93
80 10 0.85
39 40 1.0
18 76 0.84
24 29 0.83
89 76 0.96
94 33 0.75
32 81 0.91
95 7 0.81
11 67 0.89
10 98 0.84
5 20 1.0
12 84 0.82
97 45 0.84
97 35 0.93
77 97 0.97
83 62 0.83
44 75 0.93
15 20 1.0
15 81 0.87
91 13 0.95
23 56 0.99
0 50 0.75
66 64 0.94
8 87 0.95
40 58 0.9
68 89 1.0
94 17 0.99
88 81 0.75
70 4 0.79
26 50 0.94
47 36 0.96
9 53 0.95
72 13 0.8
62 52 0.93
9 85 0.82
12 20 0.77
5 87 0.87
36 84 0.77
77 45 0.79
43 85 0.97
93 43 0.93
46 9 0.82
34 28 0.96
60 18 0.82
5 74 0.91
51 5 0.96
81 56 0.98
57 84 0.84
28 69 0.77
88 6 0.84
69 42 0.8
75 27 0.94
37 18 0.99
15 88 0.92
1 68 0.98
41 31 0.9
1 80 0.85
64 39 0.85
69 31 0.83
11 56 0.9
98 39 0.98
46 72 0.79
54 61 0.76
30 98 0.92
6 76 0.83
70 69 0.89
79 53 0.86
84 12 0.97
29 74 0.87
4 39 0.87
77 92 0.85
87 51 0.93
32 82 0.93
2 39 0.81
63 74 0.78
31 4 0.89
11 83 0.8
78 15 0.89
84 63 0.86
52 52 0.98
81 38 1.0
60 88 0.89
15 76 0.89
77 34 0.92
82 72 0.86
34 4 0.75
76 97 0.82
39 27 0.93
80 70 0.96
47 67 0.88
55 62 0.78
14 21 0.92
78 50 0.79
40 96 0.93
81 95 0.76
64 80 0.84
35 8 0.79
76 63 0.79
83 99 0.92
