200 400 100 10
89 66
95 18
27 81
70 87
97 100
10 98
95 55
59 100
96 20
61 37
21 96
74 78
3 91
97 85
44 51
54 90
91 31
57 2
88 11
24 54
18 52
34 36
40 98
89 97
27 8
36 76
76 28
23 10
11 9
97 76
82 7
73 25
87 53
20 43
14 40
31 94
91 80
69 47
16 68
49 14
63 30
83 56
21 88
100 34
27 60
55 0
88 5
52 93
34 20
51 48
65 51
84 92
97 33
37 27
57 45
77 62
48 59
0 15
69 70
49 99
81 14
99 77
17 94
56 70
31 65
56 19
23 45
82 79
28 92
89 95
69 40
17 47
2 63
82 91
58 15
35 45
2 21
9 33
53 26
43 62
3 32
29 61
5 4
50 70
55 6
75 24
17 76
57 22
6 86
96 98
59 85
48 47
53 57
42 57
89 79
14 81
22 44
67 66
90 94
96 25
68 24
40 66
95 45
13 73
13 23
14 45
58 66
33 61
99 31
27 48
32 71
53 94
57 51
9 63
23 67
61 25
99 62
8 88
32 85
5 49
34 4
27 3
13 42
37 63
12 6
62 54
93 58
28 56
1 44
77 99
17 34
68 60
67 51
97 20
66 34
17 53
88 38
0 21
31 50
65 44
46 39
56 67
94 77
92 18
34 29
24 72
63 98
92 26
98 87
46 81
96 88
38 6
81 0
23 38
19 82
65 16
25 61
33 29
43 73
84 47
34 41
76 49
18 7
94 36
0 50
1 89
62 90
70 32
86 34
12 66
27 79
80 78
13 77
50 45
67 28
87 70
42 85
76 47
87 76
60 27
69 29
84 58
48 61
63 6
17 57
95 88
88 95
88 92
55 98
99 22
84 16
0 47
93 71
0 45
12 61
38 69
99 41
13 67
1 55
92 47
17 27 0.83
74 44 0.98
94 52 0.95
54 2 0.93
29 92 0.81
57 37 0.77
77 36 0.79
69 17 0.77
13 3 0.77
1 43 0.96
22 55 1.0
66 47 0.76
6 79 0.81
79 89 0.81
91 61 0.75
32 68 0.78
4 2 0.9
66 80 0.82
58 95 0.88
67 90 0.88
48 5 0.84
22 51 0.87
0 97 0.98
26 66 1.0
45 48 0.93
32 0 0.93
24 41 0.98
28 27 0.93
47 29 0.96
11 30 0.83
83 91 0.97
66 17 0.88
69 44 1.0
36 63 1.0
60 50 0.8
80 94 0.95
71 76 1.0
85 76 0.75
99 94 1.0
14 88 0.89
59 91 0.96
94 7 1.0
6 56 0.85
44 91 0.96
5 77 0.85
86 22 0.8
81 12 0.98
31 95 0.91
13 83 0.75
48 38 0.78
44 81 0.96
53 76 0.96
31 36 0.75
49 83 0.89
92 32 0.84
63 27 0.8
76 69 0.8
87 92 0.94
47 55 0.87
4 93 0.95
92 35 0.87
27 30 0.78
25 33 0.85
17 40 0.83
56 35 0.9
96 50 1.0
69 95 0.86
31 82 0.97
32 23 0.96
45 4 0.84
55 92 0.76
75 81 1.0
44 11 0.76
33 23 0.76
87 4 0.93
44 36 0.99
79 80 0.99
91 77 0.91
5 41 0.76
83 77 0.79
20 8 0.88
73 51 0.89
89 47 0.86
28 4 0.77
53 88 0.8
2 82 0.95
51 6 0.82
40 13 0.93
65 27 0.83
88 87 0.95
42 33 1.0
96 94 1.0
37 47 0.77
81 51 0.81
17 88 0.9
93 5 0.81
73 96 0.76
26 7 0.8
36 24 0.77
45 59 0.78
82 30 0.97
41 100 0.9
96 8 0.83
66 86 0.83
51 88 0.93
66 67 0.89
25 74 0.97
67 59 1.0
33 28 1.0
24 42 0.98
5 64 0.81
26 74 0.83
58 52 0.9
25 48 0.99
70 36 0.86
83 21 0.88
19 2 0.84
56 79 0.91
46 88 0.89
80 14 0.98
70 75 0.76
21 81 0.89
93 36 0.95
0 20 0.82
19 15 0.97
53 34 1.0
38 39 0.85
71 54 0.75
84 93 0.8
72 7 0.93
69 54 0.77
20 57 0.76
22 56 0.75
82 47 0.93
95 44 0.82
52 33 0.94
100 18 0.81
20 61 0.93
46 27 0.88
84 11 0.81
37 70 0.8
29 12 0.79
57 95 0.92
9 62 0.95
45 26 0.87
90 31 0.82
37 84 0.78
58 49 0.75
87 50 0.78
99 49 0.89
54 71 0.97
19 17 0.88
3 55 0.79
66 15 0.77
66 52 0.96
95 26 0.96
33 51 0.9
39 82 0.82
96 72 0.8
100 36 0.97
31 83 0.98
83 95 0.94
76 45 0.89
8 67 0.96
52 48 0.91
87 74 0.84
16 73 0.84
84 9 0.92
42 77 0.8
29 21 0.88
34 76 0.84
89 84 0.81
94 33 1.0
51 92 0.77
21 6 0.77
59 89 0.79
82 63 0.75
25 26 0.92
69 45 0.85
98 67 0.76
31 43 0.92
88 7 0.88
64 45 0.9
69 91 0.78
1 6 0.8
54 35 0.87
28 46 0.81
18 29 0.81
38 93 0.92
71 93 0.82
6 33 1.0
60 13 1.0
72 82 0.78
9 100 0.94
92 44 0.87
75 51 0.95
67 74 0.93
67 82 0.86
54 32 1.0
79 65 0.98
20 47 0.82
32 69 0.75
58 39 0.77
100 99 0.75
86 42 0.75
56 56 0.95
37 32 0.82
91 98 0.87
79 6 0.88
51 64 0.92
84 1 0.96
71 53 0.81
56 86 0.86
50 16 0.94
41 34 0.85
26 56 1.0
39 67 0.85
76 96 0.88
64 82 0.99
95 47 0.77
23 25 1.0
19 94 0.93
64 6 0.94
95 51 0.8
11 31 0.8
69 60 0.9
31 92 0.99
65 82 0.8
99 65 0.85
63 47 0.81
12 33 0.87
66 42 0.75
85 30 0.94
27 51 0.89
62 10 0.9
16 63 0.82
85 61 0.81
74 42 0.91
64 84 0.8
29 55 0.94
77 21 0.78
88 63 0.76
89 40 0.93
36 15 0.83
57 99 0.94
39 53 0.93
20 35 0.95
80 54 0.81
38 78 0.99
93 6 0.97
9 58 0.8
22 4 0.75
63 81 0.88
66 41 0.84
94 59 0.79
79 81 0.79
24 18 0.75
62 64 0.83
74 34 0.87
79 10 0.75
7 88 0.77
23 56 0.75
80 5 0.92
91 88 0.97
0 85 0.84
71 43 0.91
25 56 0.91
4 59 0.82
73 9 0.84
98 3 0.93
49 9 0.82
44 0 0.88
83 100 0.89
39 37 0.87
89 35 0.89
60 31 0.94
50 49 0.94
30 82 0.79
89 41 0.97
22 28 0.79
85 4 0.95
84 94 0.89
94 83 0.93
45 57 0.91
40 40 0.77
52 50 0.89
19 43 0.92
20 5 0.98
68 9 0.92
42 35 0.75
77 14 0.81
19 33 0.78
50 95 0.83
14 47 0.81
41 18 0.99
73 70 0.91
18 89 0.77
91 75 0.78
20 74 0.87
4 63 0.86
100 83 0.76
17 50 0.82
60 82 0.93
3 60 0.82
82 99 0.81
59 79 0.99
87 28 0.76
21 40 0.98
32 47 0.99
71 13 1.0
46 18 1.0
46 53 0.87
46 82 0.78
5 34 0.85
25 87 0.91
34 89 1.0
2 2 0.91
30 7 0.89
2 19 0.79
7 2 0.95
47 6 0.93
12 14 0.97
43 70 0.87
55 2 0.86
85 26 0.93
16 12 0.87
36 54 0.95
97 1 0.97
41 79 0.78
41 0 0.89
5 96 0.95
23 90 0.88
14 36 0.95
78 68 0.77
69 97 0.87
29 22 0.84
3 38 0.76
50 77 0.82
5 33 0.85
55 18 0.93
83 19 0.97
68 51 0.83
16 97 0.82
71 23 0.81
95 67 1.0
56 90 0.82
36 69 0.95
62 40 1.0
93 53 0.77
47 57 0.86
10 71 0.87
20 76 0.98
59 45 0.78
2 55 0.77
79 93 0.83
38 94 0.88
47 23 0.99
77 3 0.89
46 75 0.92
26 13 0.77
22 6 0.83
3 94 0.91
51 3 1.0
42 10 0.87
54 73 0.76
79 85 0.76
71 98 0.82
54 74 0.91
79 100 0.78
30 46 0.95
1 3 0.82
73 71 0.9
99 97 0.97
13 71 0.94
51 40 0.75
36 50 0.96
54 38 0.91
36 18 0.83
20 33 0.99
16 50 0.84
19 35 0.86
68 82 0.75
11 49 0.95
17 11 0.91
96 29 0.97
63 16 0.99
48 75 0.79
88 82 0.85
64 91 0.9
57 27 0.79
26 52 0.93
77 67 0.96
5 47 0.84
92 75 0.99
79 25 0.89
78 97 0.88
6 31 0.78
87 81 0.95
35 9 0.87
60 9 0.82
