200 400 100 10
77 69
56 9
82 48
40 36
26 54
84 52
55 99
95 78
8 41
62 68
34 88
38 70
73 69
86 98
23 80
79 17
26 28
36 41
26 91
47 7
85 33
3 98
19 67
23 9
95 23
68 71
8 98
49 0
54 47
58 16
40 21
40 92
73 36
60 2
28 13
89 30
87 22
94 26
42 4
13 9
10 74
100 29
7 74
7 80
74 94
76 96
8 62
46 57
96 22
81 71
54 76
3 41
94 48
25 18
42 96
63 95
84 65
54 43
31 74
11 62
45 15
99 11
53 37
28 68
51 53
44 25
88 8
73 84
24 47
69 93
41 37
27 37
100 92
68 41
79 65
11 26
84 15
37 69
89 25
24 67
65 84
64 86
77 83
26 2
84 36
68 70
24 64
25 34
62 62
33 19
31 22
76 24
33 48
93 88
47 77
61 96
6 75
5 44
74 39
32 56
72 63
59 39
97 65
43 46
61 43
76 30
85 10
59 4
54 93
27 15
9 0
34 91
19 45
25 57
76 63
90 58
48 62
76 77
64 79
82 10
62 28
3 80
91 13
3 36
72 88
20 13
51 48
44 23
36 14
1 79
91 10
0 11
46 8
53 8
58 73
56 47
23 100
30 38
99 21
18 89
21 9
80 85
34 4
29 28
26 41
51 12
55 57
27 29
65 65
11 63
46 1
14 14
90 100
52 0
53 72
24 23
51 54
6 11
76 58
18 63
100 71
73 97
96 12
75 95
38 27
47 59
53 90
16 60
0 90
98 58
21 35
46 76
54 72
0 95
32 41
42 79
58 31
10 44
56 87
19 49
46 87
4 61
18 41
58 20
89 94
37 99
45 47
84 90
38 99
80 24
93 50
15 77
0 61
17 98
98 39
8 1
29 81
69 89
9 25
94 9
4 42 0.98
1 77 1.0
43 14 0.78
8 49 0.81
96 19 0.92
98 78 0.92
6 99 0.95
67 49 0.79
42 71 0.95
84 42 0.86
16 55 0.83
41 76 0.94
38 86 0.75
82 90 0.88
80 72 0.96
17 28 0.78
44 83 0.86
49 50 0.81
46 25 0.78
61 33 0.86
44 34 0.94
19 43 0.76
61 74 0.97
85 69 0.96
27 53 0.83
26 17 0.76
67 63 0.92
78 87 0.88
37 4 0.97
14 16 0.78
69 67 0.88
63 20 0.84
47 22 0.77
88 59 0.79
84 80 0.86
44 11 0.79
16 46 0.89
24 90 0.91
38 74 0.96
10 27 0.9
68 17 0.9
83 48 0.78
2 96 0.89
80 80 0.85
2 26 0.99
54 85 0.75
81 82 0.75
86 81 0.86
54 15 0.89
25 7 0.85
0 76 0.93
60 7 0.92
46 7 0.94
12 56 0.82
15 44 0.93
72 45 0.9
7 15 0.89
86 91 0.75
63 34 0.75
71 27 0.88
59 70 0.97
17 12 0.95
62 74 0.92
72 98 1.0
23 85 0.76
0 72 0.8
97 70 0.88
88 57 0.77
70 69 0.86
34 99 0.76
81 78 0.83
70 42 0.91
61 58 0.89
4 90 0.87
50 76 0.85
63 13 0.83
22 21 0.86
74 26 0.88
27 48 0.96
0 27 1.0
70 36 0.89
95 14 0.93
82 20 0.85
60 58 0.75
66 63 0.88
36 20 0.89
75 87 0.75
71 7 0.84
48 18 0.94
27 76 0.9
18 37 0.92
3 94 0.97
54 70 0.87
77 73 0.98
87 62 0.98
26 56 0.98
95 98 0.89
65 38 0.81
21 94 0.95
14 78 0.92
39 53 0.92
3 62 0.81
5 0 0.88
39 1 0.94
2 97 0.88
55 28 0.83
30 94 0.95
2 90 0.84
33 0 0.96
14 39 0.94
33 61 0.85
48 73 0.87
77 99 0.76
9 7 0.77
56 95 0.89
100 88 0.87
72 56 0.93
0 13 0.9
13 64 0.78
72 96 0.92
44 71 0.75
12 38 0.97
10 1 0.98
75 82 0.97
80 59 0.96
36 47 0.79
13 95 0.83
6 64 0.9
30 64 0.92
49 83 0.96
54 49 0.78
0 21 0.92
55 34 0.85
25 63 0.9
33 17 0.89
66 80 0.88
19 57 0.99
45 45 0.94
4 5 0.78
29 16 0.82
4 26 0.76
72 84 0.97
20 17 0.89
39 14 1.0
89 20 0.95
87 50 0.81
56 74 0.83
99 82 0.76
79 46 0.76
53 80 0.84
3 27 0.9
96 91 0.93
43 47 0.81
11 74 0.84
73 32 0.98
73 94 0.86
73 78 0.89
63 21 0.84
96 74 0.84
10 45 0.92
37 46 0.76
35 0 0.85
93 1 0.93
78 76 0.76
64 48 0.83
32 3 0.99
16 88 0.96
73 73 0.89
76 47 0.88
41 41 0.76
45 88 0.81
6 100 0.84
53 63 0.87
96 61 0.84
93 9 0.81
17 3 0.78
96 18 0.94
50 89 0.84
19 20 0.96
60 82 0.75
21 62 0.78
89 93 0.84
79 26 0.81
82 17 0.93
47 42 0.78
49 21 0.83
67 57 0.77
30 99 0.97
29 60 0.86
51 26 0.97
82 34 0.83
27 33 0.97
8 63 0.88
36 34 0.84
4 76 0.93
11 91 0.94
79 39 0.79
66 44 0.78
73 51 0.95
32 43 0.88
80 35 0.76
60 74 0.81
45 57 0.78
44 15 0.9
10 57 0.97
62 73 0.84
51 78 0.8
18 100 0.93
91 42 0.95
43 33 0.97
81 100 0.89
44 32 0.94
84 99 0.93
52 35 0.93
17 84 0.97
77 13 0.78
72 23 0.82
48 91 0.76
63 67 0.93
63 83 1.0
99 86 0.99
66 81 0.88
81 6 0.8
19 71 0.96
59 53 0.77
95 3 0.99
3 75 0.93
56 0 0.91
10 81 0.91
85 96 0.85
58 6 0.95
56 98 0.89
3 58 0.78
95 87 0.84
93 25 0.89
2 25 0.91
8 75 0.78
80 45 0.85
13 33 0.89
33 76 0.96
41 16 0.98
10 43 0.77
62 81 0.89
15 4 0.88
92 30 0.89
58 77 0.77
24 97 0.8
24 21 0.82
53 36 1.0
38 43 0.95
83 1 0.81
24 39 0.79
98 75 0.92
37 100 0.97
40 95 0.92
25 15 0.79
26 44 0.83
62 55 0.87
32 53 0.98
15 76 0.99
41 2 0.92
86 9 0.98
96 11 0.84
70 55 0.75
34 84 0.85
100 17 0.92
19 95 0.88
6 87 0.84
76 9 0.93
35 90 0.86
27 5 0.86
12 100 0.93
6 83 0.85
68 26 0.91
61 79 0.79
72 75 0.75
97 40 0.76
79 47 0.99
56 32 0.83
94 67 0.95
45 11 0.76
7 7 0.75
49 39 0.9
21 60 0.92
62 59 0.97
43 28 0.99
52 80 0.96
12 4 0.84
18 47 0.92
99 83 0.88
46 67 0.77
51 39 0.83
80 83 0.77
0 81 0.97
27 10 0.87
17 5 0.76
36 95 0.79
56 40 0.87
60 73 0.85
32 73 0.79
80 61 0.78
34 2 0.83
64 10 0.93
64 28 0.76
17 67 0.89
68 69 0.84
57 30 0.92
70 45 0.88
1 12 0.96
19 55 0.86
22 45 1.0
22 26 0.94
75 49 0.75
73 22 0.78
8 66 0.96
30 11 0.76
45 53 0.79
13 44 0.84
75 19 0.77
65 95 0.87
9 96 0.88
60 53 0.96
94 76 0.77
38 62 0.83
17 11 0.8
40 69 0.83
48 30 0.75
74 57 0.91
98 81 0.92
58 64 0.86
28 1 0.83
24 40 0.92
67 68 0.93
33 54 0.85
28 97 0.84
69 68 0.79
20 33 0.92
75 54 0.85
2 92 0.91
49 43 0.85
81 75 1.0
91 0 0.94
89 14 0.83
98 44 0.99
79 81 0.98
39 4 0.82
68 85 0.77
67 24 0.92
45 21 0.97
26 97 0.98
61 25 0.8
89 22 0.91
82 97 0.84
56 89 0.99
89 64 0.99
29 59 0.92
12 3 0.97
76 85 0.8
44 63 0.86
50 71 0.86
43 48 0.83
24 22 0.93
91 53 0.97
14 96 0.82
34 82 0.89
25 98 0.83
11 52 0.99
95 12 0.84
12 18 1.0
14 47 0.91
94 94 0.92
95 84 0.83
80 40 0.78
86 0 0.83
52 85 0.88
77 91 0.77
3 97 0.98
67 28 0.79
11 37 0.99
87 1 0.82
81 28 0.84
21 80 0.91
51 44 0.75
5 40 0.85
94 42 0.86
91 38 0.97
16 90 0.79
58 37 0.76
80 57 0.93
38 26 0.89
62 37 0.98
44 49 0.93
57 74 0.85
64 19 0.84
9 32 0.84
92 85 1.0
69 52 0.95
53 9 0.92
22 53 0.86
41 75 0.77
