200 400 100 10
16 79
99 39
21 50
76 47
15 30
38 19
31 8
70 77
69 29
68 24
6 11
69 31
51 19
79 94
100 37
19 6
71 94
12 96
48 43
28 17
100 65
29 87
39 7
96 22
24 97
64 99
1 40
10 52
43 93
73 54
63 87
71 90
89 88
57 95
27 92
77 56
88 76
8 97
14 26
15 48
13 97
64 6
8 37
81 77
86 92
86 25
97 46
32 67
93 93
0 73
21 99
76 3
87 100
67 73
30 91
33 59
41 13
76 12
53 81
86 32
81 39
87 58
2 53
57 63
16 53
47 24
20 52
54 61
5 73
43 87
72 66
99 73
20 47
26 82
97 33
87 88
83 58
97 90
56 16
34 89
75 45
89 15
61 46
37 33
43 38
23 8
78 8
19 1
33 61
26 32
19 45
35 58
67 76
46 94
40 87
27 62
62 67
43 45
98 1
23 47
63 26
49 32
79 47
70 94
60 71
98 40
25 57
5 35
25 45
70 20
16 65
9 25
39 98
24 39
23 48
12 100
28 26
28 37
33 52
70 88
70 80
45 10
29 100
82 68
44 65
77 51
89 76
48 62
96 4
74 20
3 27
2 57
3 2
98 19
6 19
62 55
45 36
88 29
69 3
62 78
38 79
59 34
99 27
41 73
0 47
46 33
56 5
62 71
40 26
92 60
46 100
91 55
68 69
41 49
22 2
76 20
71 3
16 19
49 13
63 80
26 51
20 66
6 66
95 2
30 57
60 16
62 100
22 9
69 23
82 100
1 33
91 96
74 32
9 53
46 64
99 44
64 94
90 44
49 70
55 98
72 14
19 85
21 70
31 24
29 51
28 24
85 57
64 64
94 85
56 62
3 54
3 56
5 40
71 43
65 52
85 20
55 44
94 91
74 54
97 16
74 97 0.8
11 14 0.9
47 55 0.91
84 31 0.77
37 38 0.76
62 0 0.88
51 27 0.95
100 70 0.78
71 91 0.89
39 25 0.85
1 57 0.81
63 14 0.98
9 39 0.81
56 47 0.86
67 41 0.98
39 4 0.92
14 63 0.79
50 34 0.96
59 28 0.76
61 50 0.75
90 28 0.85
68 68 0.79
70 32 0.96
88 38 0.75
5 15 0.88
47 27 0.82
63 13 0.84
62 66 0.95
96 71 0.93
52 6 0.86
79 30 0.89
15 18 0.98
96 26 0.99
43 82 0.92
44 38 0.79
79 67 0.85
70 29 0.93
61 65 0.79
2 68 0.94
78 71 0.97
63 0 0.93
54 87 0.81
64 56 0.88
86 33 0.8
37 51 0.78
0 32 0.99
19 54 0.89
92 27 0.82
40 42 0.99
53 75 0.92
99 62 0.81
64 89 0.84
58 7 0.84
30 100 0.89
27 26 0.95
59 29 0.8
34 47 0.99
91 24 0.9
55 31 0.98
2 67 0.79
61 37 0.75
38 18 0.88
26 71 0.76
82 54 0.77
14 90 0.75
40 68 0.94
35 22 0.82
72 42 1.0
84 22 0.94
50 67 0.79
68 3 0.86
67 51 0.75
9 94 0.87
34 24 0.88
67 32 0.77
89 60 0.95
49 52 0.92
59 30 0.85
25 81 0.97
77 89 0.97
94 95 0.97
45 19 0.77
100 81 0.84
27 88 0.76
48 58 0.96
68 33 0.93
25 58 0.85
84 59 0.8
55 20 0.96
84 13 0.94
24 81 0.83
29 47 0.88
42 13 0.82
61 74 0.94
29 45 0.91
87 49 1.0
77 11 0.77
83 48 0.8
37 91 0.81
73 58 0.85
84 90 0.96
89 42 0.87
26 19 0.79
58 52 0.85
27 70 0.95
71 26 0.79
85 53 0.8
10 33 0.77
42 80 0.76
75 84 0.94
82 6 0.94
56 40 0.77
47 62 0.9
40 95 0.79
46 0 0.94
63 12 0.82
88 83 0.84
61 39 0.78
15 90 0.98
14 72 0.79
58 40 0.8
70 99 0.82
86 87 0.95
54 29 0.79
85 13 0.87
65 64 0.83
39 42 0.87
30 72 0.85
78 91 1.0
100 58 0.8
84 100 0.86
24 15 0.79
73 72 0.92
66 100 0.76
53 68 0.97
90 88 0.89
61 35 0.99
58 59 0.78
25 15 0.77
67 27 0.99
11 16 0.97
27 87 1.0
57 27 0.78
67 96 0.9
16 37 0.95
98 50 0.78
52 11 0.86
36 50 0.94
94 4 0.76
77 34 0.82
81 61 0.87
16 40 0.78
34 69 0.9
40 17 0.87
16 13 0.79
55 23 0.97
64 71 0.87
36 45 0.75
59 92 0.75
72 47 0.79
37 26 0.99
86 22 0.89
62 42 0.98
33 91 0.81
14 92 1.0
89 8 0.76
21 61 0.86
11 91 0.81
34 1 0.81
30 67 0.93
8 15 0.95
87 14 0.91
38 50 0.95
68 61 0.89
32 43 0.86
26 95 0.85
61 76 0.88
63 71 0.78
78 20 0.88
55 30 0.79
99 14 0.78
43 70 0.99
55 1 0.82
43 54 0.75
53 94 0.84
95 80 0.97
99 41 0.88
25 13 0.91
54 73 0.91
24 13 0.96
29 62 0.95
26 11 1.0
82 96 0.93
35 23 0.75
87 18 1.0
75 5 0.97
47 47 0.83
85 99 0.8
99 7 0.79
70 13 0.77
11 35 0.84
19 81 0.77
91 47 0.86
28 86 0.87
62 24 0.79
96 62 0.8
23 41 0.85
21 5 0.75
80 47 0.75
16 59 0.92
45 87 0.88
36 76 0.98
43 51 0.99
50 85 0.83
11 60 0.87
20 34 0.95
87 11 0.95
14 97 1.0
57 100 0.76
38 17 0.85
100 100 0.85
54 32 0.84
37 13 0.95
31 77 0.95
23 35 0.88
43 43 0.87
32 81 0.8
98 68 0.93
44 98 0.85
16 38 0.95
4 51 0.79
47 50 0.82
85 22 0.75
53 2 0.96
39 3 0.92
8 12 0.79
15 0 0.91
3 52 0.99
20 73 0.9
92 66 0.87
72 41 0.86
8 69 0.86
23 20 0.91
15 9 0.92
4 30 0.81
26 10 0.77
62 88 0.88
92 42 0.82
52 44 0.91
3 84 0.88
62 3 0.89
54 9 0.85
100 6 0.94
57 40 0.9
19 21 0.9
66 31 0.92
24 40 0.83
7 44 0.75
14 93 0.96
67 42 0.75
63 77 0.97
37 53 0.81
41 51 0.79
45 98 0.88
77 82 0.87
31 23 0.8
1 8 0.81
32 46 0.93
72 4 0.75
95 23 0.82
97 50 0.9
92 0 0.84
46 91 0.88
64 12 0.81
69 59 1.0
50 94 0.83
78 55 0.99
79 76 0.98
19 87 0.91
45 32 0.9
2 15 0.79
45 13 0.88
61 20 0.86
65 89 0.8
7 46 1.0
19 28 0.8
53 29 0.99
25 71 0.89
87 62 0.87
9 52 0.83
14 56 0.87
20 0 0.88
14 33 0.88
18 37 0.99
87 10 0.98
54 55 1.0
22 62 0.76
18 30 0.84
93 48 0.99
66 1 0.8
45 54 0.89
81 26 0.8
55 64 0.78
87 74 0.79
38 39 0.88
26 79 0.93
98 57 0.81
66 59 0.94
61 90 0.77
63 35 0.95
89 95 0.98
72 11 0.99
35 74 0.96
41 67 0.92
59 33 0.84
81 3 1.0
33 40 0.82
69 28 0.77
7 21 0.89
25 100 0.96
29 50 0.78
20 23 0.97
40 99 0.89
71 5 0.87
44 16 0.78
65 100 0.87
24 59 0.75
35 60 0.9
2 7 0.95
54 7 0.85
69 74 0.99
91 36 0.79
33 29 0.97
0 6 0.95
88 97 0.77
29 83 0.99
21 9 0.76
7 99 0.75
87 87 0.81
66 98 0.99
89 80 1.0
18 29 0.79
10 63 0.88
2 80 0.79
42 30 0.76
36 100 0.85
9 44 0.93
67 90 0.97
76 96 0.96
70 56 0.93
76 8 0.88
55 82 0.94
53 67 0.81
63 85 0.9
31 72 0.91
23 28 0.75
96 17 0.81
62 14 0.98
87 8 0.85
26 31 0.92
2 69 0.98
85 37 0.96
43 7 0.81
99 9 0.95
12 46 0.8
73 96 0.94
11 84 0.82
29 1 0.9
80 25 0.84
97 67 0.76
25 16 0.97
34 30 0.75
9 14 0.79
67 29 0.76
29 4 0.88
59 20 0.97
53 11 1.0
58 79 0.81
53 0 0.84
57 16 0.78
33 51 0.94
18 51 0.85
22 91 0.93
37 14 0.99
52 86 0.83
74 85 0.88
59 1 0.93
64 38 0.89
31 54 0.93
57 46 0.75
76 25 0.94
30 46 0.79
35 50 0.91
30 26 0.83
46 70 0.88
39 95 0.9
13 62 0.86
63 97 0.84
23 22 0.86
88 99 0.82
