200 400 20 10
13 18
71 42
31 92
21 65
91 0
97 72
99 32
26 24
45 33
51 17
7 57
81 54
46 60
83 74
42 90
19 46
89 60
64 32
68 55
34 53
22 99
39 58
86 42
83 10
2 26
80 17
39 29
73 97
58 12
64 53
37 99
21 62
39 21
21 54
25 68
12 72
37 62
92 9
4 39
75 71
63 47
32 42
59 77
34 83
35 0
53 87
66 76
19 100
100 80
10 45
87 40
7 97
15 57
81 20
42 96
3 20
83 73
43 55
74 55
83 83
20 63
10 32
11 58
42 60
34 13
28 1
66 33
92 39
74 21
52 64
28 4
38 92
43 98
80 24
9 57
45 35
8 64
18 60
93 71
24 66
39 77
19 65
59 5
46 70
35 12
10 60
37 100
12 65
90 87
87 16
97 45
38 50
73 78
34 4
67 29
40 74
74 6
7 15
90 26
54 34
51 19
96 64
26 86
38 24
6 42
51 49
60 34
85 40
81 64
30 5
18 26
99 20
23 45
52 41
66 12
38 49
29 89
50 23
21 43
30 59
76 69
88 46
23 2
84 45
78 23
83 70
21 21
80 35
60 51
82 91
93 87
63 96
17 19
60 62
65 58
77 97
37 41
100 82
71 91
31 0
41 99
38 84
64 91
89 91
79 1
49 73
27 82
18 3
32 9
39 72
51 45
4 78
2 3
41 3
82 22
100 92
82 99
73 48
86 70
32 26
38 77
0 98
71 22
87 55
16 27
27 8
23 91
39 30
73 100
96 84
14 37
82 28
35 98
39 62
38 60
35 39
12 68
92 34
78 74
80 77
44 6
40 20
13 54
13 58
44 1
48 25
52 83
15 63
9 22
86 77
7 9
74 2
60 73
76 51
85 80
11 90
0 92
26 21
27 10
32 69
63 51 0.77
77 46 0.99
3 10 0.95
28 39 0.96
90 7 0.94
84 85 0.79
29 9 0.91
64 19 0.9
73 51 0.97
65 97 0.78
97 97 0.77
30 79 0.96
93 94 0.84
80 40 0.92
40 49 0.92
55 85 0.81
50 52 0.85
87 99 0.99
67 0 0.93
62 90 0.78
52 68 0.84
43 78 0.85
96 88 0.92
3 3 0.81
7 52 0.8
48 57 0.86
16 96 0.75
84 47 0.85
37 50 0.94
43 46 0.85
41 18 0.82
45 3 0.82
89 81 0.85
57 89 0.87
66 89 0.75
56 22 0.91
36 71 0.83
29 82 0.82
67 42 0.91
65 32 0.9
38 95 0.87
82 49 0.79
10 85 0.95
78 91 0.78
32 62 0.91
1 38 0.99
25 87 0.88
39 32 0.89
51 11 1.0
81 75 0.94
75 64 0.77
2 8 0.87
9 34 0.82
62 22 0.76
72 15 0.87
21 39 0.83
100 58 0.95
48 62 0.93
79 84 0.86
49 52 0.92
83 4 0.95
82 68 0.98
11 36 0.76
91 49 0.87
19 13 0.99
58 4 0.86
90 92 0.86
53 66 0.81
25 81 0.94
34 35 0.75
25 73 0.81
45 9 0.99
55 51 1.0
58 14 0.87
80 65 0.86
13 92 0.83
66 46 0.86
82 20 0.79
42 29 0.98
62 45 0.99
33 2 0.81
83 62 0.91
27 48 0.9
42 49 0.94
13 76 0.98
0 74 0.94
31 65 0.89
16 83 0.99
60 100 0.83
36 80 0.86
62 40 0.78
32 66 0.95
19 45 0.82
62 35 0.8
44 2 0.89
60 14 0.83
68 68 0.99
48 60 0.87
55 74 0.75
1 58 0.76
99 11 0.75
51 66 0.9
90 47 0.97
69 98 0.82
54 15 0.92
89 9 0.96
20 61 0.85
43 81 0.98
97 3 0.77
21 46 0.94
36 73 0.82
11 62 0.85
85 74 0.76
42 32 0.9
30 97 0.84
64 21 0.81
49 40 0.9
84 75 0.81
67 2 0.76
13 70 0.95
70 96 1.0
13 27 0.9
52 26 0.91
91 76 0.82
71 0 0.83
83 91 0.95
44 65 0.8
13 46 0.81
100 57 0.97
30 81 0.77
12 23 0.85
10 92 0.95
57 47 0.76
40 8 0.89
23 30 0.99
27 23 0.77
26 98 0.89
39 70 0.88
18 56 0.87
90 91 0.79
86 1 0.87
4 98 0.89
68 78 0.98
26 2 0.86
90 74 0.91
6 81 0.77
49 71 0.82
94 17 0.9
65 68 0.91
99 86 0.98
96 58 0.98
15 50 0.77
36 3 0.82
38 72 0.99
12 41 0.94
99 83 0.98
59 43 0.98
4 56 0.94
81 62 0.84
3 48 0.87
100 45 0.99
33 53 0.79
59 67 0.76
82 54 0.81
61 97 0.97
21 53 0.99
18 54 0.92
27 11 0.75
50 36 0.87
74 3 0.76
53 6 0.89
19 78 0.75
19 61 0.86
61 57 0.89
82 83 0.98
98 10 0.99
41 55 0.97
54 37 0.83
90 59 0.88
0 22 0.93
93 24 0.84
19 31 0.79
43 6 0.85
40 79 0.85
15 67 1.0
31 99 0.91
98 26 0.88
25 74 0.98
40 53 1.0
65 61 0.84
46 0 0.81
36 96 0.97
74 44 0.82
17 93 0.91
99 85 0.91
63 67 0.84
23 41 0.76
40 82 0.94
78 77 0.91
92 36 0.87
59 100 0.92
37 18 0.91
29 87 0.9
40 44 0.78
37 24 0.93
11 38 0.86
90 13 0.8
70 94 0.87
48 13 0.79
75 96 0.89
45 81 0.93
28 38 0.77
43 31 0.86
79 92 0.94
84 86 0.86
72 25 0.88
88 32 0.83
41 63 0.77
56 96 0.99
59 47 0.76
31 55 0.92
21 56 0.85
26 39 0.98
1 83 0.86
12 1 0.98
32 38 0.96
79 32 0.77
7 98 0.78
59 21 0.89
27 40 0.78
88 1 0.82
34 46 0.95
5 3 0.94
73 11 0.77
76 36 0.96
96 49 0.78
33 45 0.88
88 31 0.78
98 11 0.78
16 37 0.87
35 99 0.95
86 71 0.79
61 2 0.86
57 62 0.82
56 91 0.83
93 78 0.76
33 9 0.83
69 60 0.84
88 66 0.83
53 55 0.98
15 53 0.85
85 95 0.86
32 3 0.79
50 31 0.98
49 47 0.83
63 100 0.88
40 60 0.97
59 90 0.78
90 21 0.81
11 76 0.99
21 75 0.97
44 34 0.88
36 55 0.9
94 31 0.99
26 55 0.84
11 15 0.96
46 71 0.92
97 71 0.8
88 71 0.94
83 49 0.9
62 89 0.98
91 72 0.79
84 23 0.81
1 57 0.92
38 5 0.8
32 82 0.97
71 20 0.92
0 14 0.89
26 76 0.88
18 73 0.83
68 40 0.79
72 4 0.98
0 67 1.0
7 33 0.88
97 95 0.89
1 25 0.77
94 71 0.98
41 75 0.91
34 2 0.94
66 40 0.92
84 63 1.0
61 43 0.86
48 81 1.0
92 99 0.8
31 91 0.89
30 66 0.95
81 22 0.97
65 34 0.85
83 52 0.85
1 3 0.94
26 84 0.94
31 29 0.98
49 17 0.77
38 55 0.99
35 42 1.0
12 76 0.95
69 3 0.87
5 24 0.99
89 39 0.89
55 58 0.97
89 34 0.82
35 47 0.79
80 89 0.96
57 25 0.99
15 78 0.75
61 98 0.9
80 56 0.95
9 43 1.0
39 81 0.92
99 51 0.85
64 33 0.81
92 4 0.87
87 23 0.88
92 33 0.94
7 95 0.75
96 82 0.95
4 22 0.88
88 40 0.81
95 90 0.86
12 43 0.78
25 43 0.94
68 16 0.88
34 73 0.75
38 45 0.94
35 13 0.83
25 96 0.96
87 100 0.84
56 90 0.95
14 35 0.98
85 81 0.95
72 38 0.99
45 77 0.88
48 2 0.99
13 99 0.9
6 69 0.9
81 69 0.95
66 43 0.97
62 58 0.79
7 77 0.89
52 95 0.78
42 82 0.97
60 46 0.95
71 41 0.89
43 67 0.82
26 60 0.8
53 27 0.79
80 13 0.99
6 21 0.88
27 80 0.94
59 31 0.79
70 40 0.77
62 33 0.82
26 10 0.99
78 31 0.92
22 78 0.75
69 32 1.0
98 58 0.89
30 62 0.75
80 53 0.99
99 48 0.95
81 52 0.81
80 32 0.84
4 74 0.91
85 70 0.97
32 97 0.92
92 38 0.79
58 7 0.92
98 28 0.76
8 97 1.0
69 45 0.91
25 67 0.75
96 11 0.82
72 55 0.99
98 9 0.99
19 91 0.82
39 12 0.81
49 67 0.85
8 36 0.84
39 57 0.82
96 33 0.8
68 74 0.82
67 82 0.9
83 55 0.84
89 26 0.85
62 81 0.87
9 1 0.86
65 31 0.99
59 6 0.8
23 95 0.95
85 72 0.8
