200 400 20 10
67 19
76 93
81 55
64 70
46 26
51 13
90 16
63 77
95 70
7 70
36 56
77 90
50 16
42 29
4 5
0 54
11 5
33 51
45 100
81 47
78 49
72 96
15 73
95 98
25 99
72 34
98 23
77 97
100 83
100 62
69 52
15 6
39 49
27 22
91 76
97 51
34 65
27 93
55 28
15 14
32 27
95 13
51 99
73 59
51 17
36 51
46 11
92 34
26 100
50 73
19 39
11 37
60 23
93 77
37 86
64 15
23 22
50 41
54 82
97 5
40 56
86 32
49 90
13 82
40 57
46 88
75 37
18 15
45 15
83 69
7 5
83 3
94 23
31 61
93 42
70 42
81 14
100 54
4 40
14 11
43 42
30 27
96 19
16 38
92 64
4 70
18 67
79 57
94 65
68 66
12 91
69 4
64 55
60 28
49 96
34 76
96 87
70 8
82 60
25 56
89 35
35 73
17 99
25 5
81 74
90 41
76 20
95 96
59 30
13 51
52 78
35 39
2 78
40 60
80 66
76 89
63 74
70 74
6 54
84 74
79 25
0 4
45 84
18 43
39 60
30 7
12 65
67 97
62 7
5 97
98 86
77 66
92 9
75 28
49 8
82 9
62 32
32 53
27 12
14 17
87 4
53 21
0 35
96 26
85 22
83 1
99 60
94 88
20 5
15 13
19 59
45 43
10 43
58 38
25 25
1 12
57 51
94 89
2 50
48 97
35 12
57 90
2 29
51 46
26 39
23 53
12 5
20 83
87 79
60 35
49 45
67 49
75 2
37 9
31 60
58 29
16 23
55 1
10 41
27 74
41 21
7 82
43 55
90 36
28 9
25 49
67 29
44 73
88 61
12 4
9 96
53 12
66 8
10 77
8 81
4 53
63 30
81 97
47 78
86 14
40 97 0.81
83 90 0.79
29 60 0.85
24 9 0.81
93 100 0.92
23 38 0.81
16 100 0.86
76 48 0.98
78 18 0.83
72 13 0.82
49 70 0.87
73 98 0.99
77 15 0.99
74 6 0.94
53 15 0.86
28 7 0.75
64 89 0.92
61 82 0.84
51 88 0.91
15 60 0.99
64 78 0.99
25 68 1.0
77 61 0.86
65 16 0.86
91 81 0.88
59 82 0.93
17 100 0.96
55 55 0.83
66 15 0.89
67 67 0.96
60 39 0.75
26 29 0.93
5 71 0.86
78 99 0.99
92 21 0.76
52 75 0.81
30 79 0.79
38 9 0.82
57 84 0.76
74 25 0.92
17 11 0.79
9 94 0.78
26 5 0.96
99 97 0.78
55 14 1.0
95 74 0.97
93 65 0.77
22 39 0.86
9 32 0.77
6 50 0.8
63 36 1.0
73 77 0.88
25 69 0.89
43 77 0.88
94 11 0.95
21 11 0.91
98 70 0.82
50 70 0.83
61 64 0.88
17 15 0.78
72 72 1.0
17 90 0.87
9 14 0.94
49 27 0.85
81 67 0.75
74 64 0.82
13 99 0.81
34 53 1.0
23 72 0.95
61 88 0.95
15 57 0.82
49 32 0.82
53 38 0.75
57 62 0.8
45 47 0.96
91 90 0.98
16 79 0.94
60 37 0.88
62 12 0.96
27 54 0.84
43 92 0.85
16 31 0.89
44 40 0.95
85 29 0.84
39 2 0.77
4 3 0.98
42 10 0.94
15 53 0.89
74 74 0.8
81 88 0.95
42 56 0.97
11 83 0.79
80 92 0.9
55 39 0.92
51 50 0.92
86 64 0.92
2 24 0.95
10 45 0.95
3 29 0.81
1 64 0.9
26 28 0.95
21 44 0.77
82 87 0.78
70 34 0.88
95 7 0.85
45 89 0.84
41 56 0.98
96 98 0.94
4 41 0.98
46 70 0.83
80 20 0.79
80 88 0.77
95 49 0.84
40 53 0.91
79 87 0.89
68 85 0.88
55 50 0.76
76 32 0.84
12 70 0.85
1 47 0.85
35 3 0.85
33 8 0.91
55 91 0.82
43 43 0.82
12 90 0.78
44 79 0.92
87 50 0.92
89 91 0.86
56 46 0.96
88 100 0.86
61 77 0.76
91 71 0.93
43 68 0.94
90 53 0.77
52 93 0.84
38 48 0.8
13 68 0.99
71 1 0.99
16 50 0.79
53 81 0.9
4 86 0.96
83 52 0.88
50 10 0.88
2 61 0.83
85 6 0.77
18 98 0.82
8 21 0.82
80 50 0.76
15 30 0.78
99 77 0.99
1 66 0.79
72 49 0.89
82 34 0.88
58 90 0.96
41 86 0.87
66 14 0.77
25 27 0.82
96 92 0.93
32 82 0.75
37 93 0.75
13 86 0.89
91 10 0.96
93 83 0.92
59 57 0.86
62 80 0.94
74 39 0.91
77 75 0.8
27 75 0.84
90 1 0.76
81 54 0.8
56 45 0.77
98 62 0.97
12 57 0.76
99 94 0.91
5 26 0.92
87 44 0.94
88 92 0.93
53 74 0.86
23 0 0.85
55 32 0.85
38 44 0.95
60 57 0.81
52 92 0.86
81 43 0.81
42 87 0.98
2 84 0.75
38 91 1.0
47 95 0.81
31 21 0.91
88 41 0.84
80 80 0.96
46 38 0.9
81 21 0.8
50 2 0.79
24 22 0.78
75 97 0.86
30 22 0.84
85 86 0.94
46 91 0.8
41 40 0.84
88 96 0.96
88 16 0.78
56 0 0.81
84 54 0.93
5 90 0.9
38 32 0.81
9 31 0.94
75 35 0.83
94 2 0.92
18 80 0.85
60 86 0.98
88 40 0.75
46 27 0.99
65 46 0.96
65 51 0.89
73 72 0.94
63 79 0.97
92 37 0.83
5 92 0.8
2 95 0.82
88 15 0.93
38 98 0.76
72 10 0.86
91 55 0.75
51 34 0.85
43 22 0.9
25 55 0.94
6 65 0.81
89 70 0.88
1 67 0.79
30 98 0.82
22 20 0.94
76 2 0.85
57 65 0.95
63 45 0.98
90 40 0.81
52 82 0.92
89 7 0.84
65 9 0.82
20 43 0.96
37 54 0.86
50 50 0.9
48 10 0.75
96 28 0.8
91 82 0.99
96 97 0.79
15 10 0.96
57 10 0.93
49 64 0.83
39 85 0.98
88 12 0.81
81 37 0.98
33 73 0.92
40 49 0.79
21 86 0.9
46 9 0.93
13 84 0.75
2 35 0.93
83 87 0.87
7 57 0.83
17 55 0.95
71 4 0.81
87 7 0.99
92 29 0.81
87 86 0.87
52 100 0.79
37 22 0.84
23 98 0.96
41 55 0.99
4 19 0.9
46 35 0.78
35 100 0.83
68 53 0.82
0 85 0.93
0 69 0.98
50 33 0.92
29 62 0.81
87 37 0.77
69 14 0.77
11 0 0.81
13 61 0.79
38 3 0.81
58 59 0.94
25 96 0.87
56 28 0.77
28 6 0.91
66 44 0.88
95 55 0.97
51 53 0.79
2 62 0.89
85 31 0.81
100 50 0.84
13 49 0.92
98 8 0.77
79 20 0.87
89 67 0.88
38 59 0.77
79 17 0.95
68 56 0.93
52 57 0.89
46 63 0.84
55 2 0.81
54 58 0.8
49 5 0.89
77 39 0.79
42 58 1.0
88 33 0.96
65 12 0.88
47 1 0.91
47 9 0.9
6 30 0.82
22 76 0.95
30 46 0.8
81 24 0.93
86 6 0.82
59 52 0.98
97 78 0.98
10 52 0.98
85 0 0.94
51 66 0.99
12 6 0.83
56 72 0.92
1 33 0.98
85 34 0.82
23 30 0.97
10 59 0.98
45 97 1.0
33 22 1.0
23 80 0.8
52 63 1.0
64 43 0.88
31 77 0.95
16 21 0.88
100 60 0.78
13 94 0.89
56 91 0.94
0 47 0.97
47 36 0.82
74 70 0.83
25 39 0.88
81 69 0.76
89 21 0.85
88 49 0.93
92 73 0.77
42 49 0.94
56 44 0.81
82 24 0.77
17 69 0.93
39 45 0.97
98 99 0.81
74 1 0.95
65 78 0.99
76 25 0.75
2 60 0.82
14 35 0.95
7 21 0.98
46 12 0.97
63 95 0.82
95 47 0.8
58 57 0.97
31 20 0.89
91 28 0.97
37 81 0.92
25 72 0.95
5 7 0.79
97 100 0.81
74 24 0.8
96 75 0.95
66 16 0.77
46 42 0.86
74 13 0.95
24 46 0.9
5 33 0.88
8 6 0.85
35 31 0.76
12 73 1.0
16 76 0.92
8 64 0.98
33 61 0.99
90 78 0.84
46 99 0.8
7 93 0.85
69 3 0.77
76 78 0.79
37 35 0.89
11 64 0.84
27 2 0.91
63 90 0.86
25 54 0.84
5 22 0.94
78 71 0.79
89 50 0.84
95 3 0.91
2 38 0.98
44 4 0.79
79 48 0.93
30 23 0.97
87 92 0.98
60 11 0.75
29 0 0.79
