200 400 20 10
97 67
73 90
6 76
25 27
75 70
53 50
14 1
21 96
100 88
32 98
61 37
2 58
69 52
60 24
92 40
16 56
51 13
15 46
17 42
24 39
25 79
22 7
73 34
40 46
58 63
41 87
91 56
35 14
89 29
4 23
3 27
17 49
13 4
70 23
45 50
85 21
68 78
73 2
43 18
3 81
5 10
36 74
41 35
58 88
40 91
66 47
28 32
43 34
70 93
27 29
68 1
20 77
12 30
92 76
31 47
25 71
47 30
86 34
53 46
6 43
98 5
9 21
62 52
33 71
5 96
62 43
91 82
96 21
9 54
32 0
17 44
37 40
21 48
88 87
61 59
41 10
100 61
72 63
13 51
31 63
100 64
54 63
34 99
75 75
31 94
85 79
29 9
39 54
74 82
4 19
50 15
95 86
66 29
83 22
41 23
25 84
44 17
74 96
73 15
72 96
71 17
50 70
29 48
29 67
43 37
78 81
78 85
77 51
12 31
15 36
9 86
98 84
66 4
87 14
42 81
72 88
57 28
84 22
49 34
72 76
58 85
51 68
30 9
11 42
45 7
19 6
47 2
62 40
86 66
91 4
40 85
6 70
0 83
33 53
52 24
81 27
31 67
10 91
42 71
53 91
84 19
59 6
80 90
91 86
4 76
2 28
47 31
40 99
73 72
11 38
49 98
45 14
7 84
52 60
88 51
96 57
94 83
5 26
64 34
23 55
23 67
72 3
7 30
90 58
4 73
73 21
91 47
25 13
36 64
84 46
92 77
66 73
99 89
16 30
46 1
65 76
72 10
5 31
84 86
60 47
83 60
26 80
58 92
9 56
13 38
15 69
31 58
72 84
22 68
54 53
100 33
86 65
63 93
92 100
78 91
5 85
97 58
38 79
67 33
55 52
50 54 0.83
73 24 0.93
91 27 0.94
38 43 0.81
80 15 0.77
50 2 0.78
97 59 0.87
40 58 0.86
6 25 0.88
35 76 0.83
32 11 0.96
87 72 1.0
77 100 0.82
27 44 0.78
47 99 0.88
74 3 0.99
35 62 1.0
87 15 0.86
28 48 0.8
27 10 0.75
31 33 0.94
57 76 0.87
16 52 0.85
74 63 0.94
11 20 0.97
98 47 0.82
0 52 0.85
71 34 1.0
100 81 0.77
86 39 0.89
56 34 0.89
31 98 0.94
87 99 0.8
75 1 0.91
26 74 0.79
72 91 0.94
47 65 0.94
79 82 1.0
10 43 0.8
54 11 0.81
53 40 0.89
59 23 0.8
98 29 0.78
8 84 0.86
44 97 0.91
36 40 0.93
32 19 0.8
62 50 0.98
49 0 0.78
56 55 0.77
70 40 0.77
45 63 0.78
27 31 0.85
34 73 0.96
6 1 0.76
2 68 0.83
54 60 0.97
24 27 0.91
48 87 0.89
81 43 0.86
91 29 0.78
78 65 0.97
60 10 0.78
7 7 0.78
76 95 1.0
85 37 0.83
29 86 0.98
78 55 0.85
62 4 0.77
62 42 0.82
63 25 0.81
47 18 0.92
33 84 0.88
54 40 0.89
74 59 0.83
35 29 1.0
23 43 0.99
43 19 0.88
57 71 0.84
95 12 0.95
71 45 0.78
25 26 0.99
16 24 0.95
30 56 0.82
8 85 0.81
93 23 0.88
82 8 0.8
36 92 0.9
18 53 0.82
66 1 0.99
84 82 0.91
9 11 0.76
84 39 0.78
13 17 0.9
58 6 0.75
57 16 0.97
45 66 0.8
59 52 0.95
39 11 0.79
26 56 0.81
70 25 0.78
72 18 0.86
65 68 0.9
41 14 0.77
81 77 0.94
36 70 0.96
75 69 0.92
5 88 0.78
62 12 0.94
26 45 0.82
92 7 0.86
45 13 0.91
95 96 0.92
55 87 0.91
0 31 0.88
54 50 0.82
19 32 0.81
82 41 0.91
44 48 0.99
78 71 0.85
36 31 0.81
22 64 0.75
63 76 0.94
86 62 0.82
16 85 0.93
48 48 0.83
13 82 0.89
5 58 0.76
54 5 0.76
38 57 0.8
13 24 0.78
42 24 0.96
66 3 0.84
69 85 0.78
52 14 0.78
53 36 0.89
60 100 0.78
16 27 0.93
22 32 1.0
70 33 0.87
29 80 0.87
63 41 0.8
5 27 0.89
18 80 0.77
20 6 0.98
69 59 0.82
53 86 0.76
2 11 1.0
62 75 0.95
10 88 0.87
75 67 1.0
90 44 1.0
47 80 0.88
58 25 1.0
93 19 0.95
92 80 0.9
88 36 0.82
69 55 0.96
22 85 0.75
28 0 0.91
50 81 0.88
48 73 0.85
8 82 0.85
39 36 0.92
56 59 0.86
64 12 0.77
68 5 0.78
83 0 0.8
73 68 0.8
29 69 1.0
26 25 0.85
43 56 0.77
89 98 0.95
29 60 0.88
60 6 0.94
58 82 0.8
10 7 0.75
99 71 0.9
7 93 0.81
37 99 0.76
45 64 0.96
62 99 0.92
70 97 0.96
94 74 0.76
76 70 0.91
53 56 0.81
4 97 0.84
20 32 0.75
23 36 0.82
13 90 0.83
45 77 0.82
95 27 0.81
96 18 0.93
2 55 0.8
78 82 0.77
33 12 0.75
11 61 0.77
41 0 0.87
86 75 0.86
82 12 1.0
17 69 0.82
44 57 0.88
59 54 0.78
8 53 0.9
49 52 0.79
59 89 0.91
59 34 0.85
64 21 0.97
71 35 0.85
42 62 0.93
30 63 0.92
60 29 0.86
74 56 0.91
55 54 0.94
87 65 0.9
53 49 0.84
98 95 0.87
38 56 0.91
70 0 0.97
92 99 0.8
19 37 0.89
64 26 0.98
67 11 0.85
90 31 0.76
82 29 0.95
0 48 0.92
67 13 0.98
67 88 0.97
68 88 0.88
31 85 0.79
96 61 0.8
78 59 0.96
100 73 0.93
65 98 0.75
73 43 0.83
82 97 0.91
9 93 0.82
82 45 1.0
54 46 0.97
2 71 0.86
8 99 0.85
83 98 0.86
90 95 0.9
69 22 0.85
80 81 0.94
53 97 0.96
44 37 0.8
80 11 0.89
71 96 0.9
47 13 1.0
75 89 0.87
57 21 0.77
31 74 0.9
71 76 0.89
33 36 0.86
47 82 1.0
35 75 0.91
31 82 0.93
60 60 0.79
58 44 0.79
0 92 0.9
33 92 0.75
0 30 0.95
100 90 0.97
15 87 0.82
12 21 0.95
55 75 0.92
20 25 0.94
13 11 0.91
5 83 0.94
70 82 0.85
65 91 0.89
35 73 0.77
49 80 0.95
5 36 0.77
38 17 0.91
59 81 0.96
7 50 0.93
36 99 0.9
31 44 0.84
98 28 0.99
47 0 0.86
2 80 0.84
5 57 0.91
41 9 0.9
78 43 0.88
76 45 0.77
13 77 0.88
52 22 0.99
92 43 0.87
4 87 0.77
2 95 0.76
43 3 0.95
84 16 0.88
14 26 0.83
40 42 0.99
42 7 0.89
88 26 0.94
46 39 0.97
46 87 0.97
79 79 0.75
18 3 0.82
64 55 0.84
93 62 0.89
1 92 0.93
13 39 0.99
83 93 0.83
45 28 0.76
16 54 1.0
18 19 0.95
3 8 0.83
83 16 0.9
16 50 0.87
94 33 0.78
30 86 0.93
0 47 0.93
18 85 0.88
51 20 0.84
13 62 0.93
41 64 0.99
67 54 0.86
77 67 0.93
78 39 0.76
83 19 0.75
58 52 0.88
26 3 0.93
6 91 0.9
54 99 0.76
100 86 0.92
73 100 0.92
58 34 0.83
46 31 0.84
53 60 0.77
47 85 0.95
68 87 0.8
100 55 0.84
86 68 0.98
18 0 0.87
88 77 0.77
80 0 0.82
25 8 0.77
88 73 0.83
20 43 0.96
100 5 0.85
18 7 0.83
14 98 0.97
11 63 0.78
38 63 0.85
16 14 0.75
2 90 0.9
38 51 0.78
23 96 0.81
74 28 0.97
7 45 0.77
16 100 0.75
50 62 0.77
50 29 0.79
97 34 0.77
40 3 0.94
30 31 0.92
83 8 0.91
38 88 0.97
31 80 0.98
63 89 0.95
32 61 0.87
48 84 0.78
64 60 0.75
44 18 0.96
61 99 0.79
47 60 0.88
58 98 0.95
15 13 0.77
32 92 0.87
96 87 0.95
80 59 0.84
66 18 0.87
44 54 0.89
14 44 0.93
71 71 0.84
32 90 0.81
76 33 0.83
81 94 0.78
60 51 0.78
28 79 0.97
70 43 0.96
39 46 1.0
86 59 0.76
39 1 0.78
46 11 0.88
87 73 0.87
36 19 0.9
54 13 0.75
15 90 0.98
60 68 0.82
27 11 0.97
71 44 0.75
57 91 0.9
93 99 0.84
39 35 0.92
97 42 0.92
