200 400 20 10
3 94
4 4
97 59
4 17
26 72
3 60
43 8
94 55
44 17
38 25
0 58
74 65
5 94
46 30
53 43
24 3
60 69
77 8
54 7
67 73
46 31
61 20
56 69
30 72
1 57
0 34
82 35
9 1
35 91
16 1
16 19
0 49
91 13
40 75
44 57
20 27
95 46
23 50
2 75
5 47
48 76
35 30
29 8
54 39
67 23
35 39
93 81
38 50
73 23
39 89
58 65
35 85
18 69
51 22
8 16
58 5
61 5
84 3
45 95
34 51
93 11
81 82
43 5
4 70
4 68
86 76
97 81
90 44
34 92
75 44
86 2
85 39
70 47
98 70
9 49
79 68
18 34
47 79
12 66
36 70
49 89
58 27
45 18
43 92
84 27
25 80
55 37
89 61
34 10
56 51
85 87
63 98
48 16
65 28
7 20
3 17
93 30
10 47
22 1
2 84
80 45
65 9
11 21
61 39
33 77
36 4
99 21
94 76
54 0
46 60
6 7
48 48
99 33
16 42
63 99
76 38
84 41
73 27
47 92
11 56
87 44
60 88
76 56
83 32
68 100
45 44
33 83
73 83
12 58
77 93
55 64
96 17
51 46
86 49
45 76
59 65
1 23
32 41
74 20
40 7
83 70
12 94
0 69
16 3
77 47
27 55
59 1
30 9
32 13
46 61
13 23
34 78
54 8
28 45
74 56
85 34
11 29
80 71
6 69
80 77
91 61
47 50
9 83
95 25
81 95
50 1
53 65
0 25
18 91
53 45
85 66
89 19
63 22
57 45
64 96
34 32
13 80
54 16
39 25
83 62
89 65
7 84
66 95
93 92
34 19
94 46
98 92
27 45
13 74
23 72
24 11
28 87
3 62
53 10
2 10
34 36
64 37
36 39
18 36
87 28
83 56 0.95
94 77 0.97
68 92 0.76
25 37 0.89
82 33 0.91
64 32 0.8
46 51 0.97
55 46 0.91
31 58 0.93
12 34 0.97
88 84 0.88
18 7 0.78
3 10 0.9
59 6 0.98
1 43 0.79
57 41 0.81
59 71 0.98
95 15 0.75
81 66 0.76
56 77 0.87
63 39 0.86
8 20 0.88
87 1 0.79
99 47 0.82
7 16 0.93
43 3 0.95
63 36 0.99
16 64 0.76
81 39 0.95
77 63 0.9
20 41 0.91
24 61 0.99
66 62 0.98
32 97 0.76
73 49 0.88
78 3 0.94
42 37 0.95
78 4 0.95
96 92 0.89
57 80 0.88
62 77 0.78
40 99 0.88
1 4 0.88
96 72 0.97
16 35 0.79
24 57 0.81
46 10 0.96
81 56 0.8
10 20 0.91
32 32 0.99
37 85 0.9
63 2 0.81
69 22 1.0
24 79 0.94
65 94 0.95
9 48 0.76
91 14 0.76
87 97 0.78
89 57 0.84
38 53 0.93
31 15 0.77
6 48 0.76
12 75 0.89
51 84 1.0
8 23 0.86
54 95 0.97
78 74 0.84
10 89 0.92
44 83 0.85
57 91 0.78
89 80 0.79
30 29 0.82
3 78 0.78
23 6 0.93
20 1 0.95
63 96 0.95
53 92 0.94
62 59 0.97
19 94 0.96
75 98 0.82
67 55 0.79
40 95 0.79
14 89 0.85
99 70 0.99
15 1 0.96
48 68 0.77
86 53 0.8
54 44 0.78
12 76 0.83
91 8 0.94
90 55 0.77
44 11 0.84
40 30 0.78
98 72 0.75
75 12 0.91
79 32 0.76
87 78 0.81
62 1 0.79
44 7 0.92
32 7 0.86
14 44 0.99
12 98 0.91
31 8 0.85
63 9 0.81
66 28 1.0
99 45 0.75
62 49 0.96
14 55 0.77
65 33 0.87
65 58 0.97
5 45 0.83
40 32 0.88
84 72 0.87
57 4 0.86
6 35 0.98
55 57 0.84
50 8 0.99
36 63 0.87
28 70 0.78
41 76 0.86
6 77 0.85
38 35 0.89
79 30 0.86
61 10 0.81
62 10 0.91
4 48 0.89
24 49 0.79
1 5 0.91
23 42 0.87
45 75 0.95
90 86 0.83
4 97 0.9
32 83 0.94
9 76 0.84
4 45 0.95
84 50 0.75
1 61 0.99
60 17 1.0
95 29 0.87
18 82 0.92
16 18 0.89
21 84 0.97
42 62 1.0
77 48 0.83
95 69 0.83
73 74 0.99
73 67 0.8
81 34 0.94
32 53 1.0
54 15 0.77
74 64 0.87
3 90 0.85
46 32 0.75
66 79 0.91
50 87 0.92
7 51 0.86
76 50 0.78
20 99 0.97
40 64 0.87
71 39 0.76
56 73 0.75
28 67 0.98
82 46 0.91
10 49 0.8
53 5 0.8
33 6 0.99
32 44 0.91
39 100 0.81
86 27 0.89
2 3 0.8
98 68 0.93
22 95 0.76
56 90 0.76
84 58 0.86
53 100 0.83
36 41 0.85
75 41 0.81
2 9 0.84
68 69 0.75
53 99 0.86
64 23 0.77
100 28 0.95
95 67 0.93
91 49 0.78
17 98 0.98
2 26 0.8
42 88 0.82
99 61 0.87
42 4 0.78
35 35 0.78
16 50 0.94
41 27 0.92
47 97 0.89
46 79 0.96
86 94 1.0
23 49 0.89
57 24 0.89
1 96 0.89
6 29 0.9
20 50 0.82
85 38 0.88
29 79 0.77
22 67 0.92
32 45 0.88
33 20 0.87
26 91 0.82
75 82 0.96
37 3 0.97
82 66 1.0
70 87 0.83
91 9 1.0
26 79 0.87
53 52 0.97
77 58 0.75
1 6 0.93
26 97 0.98
37 59 0.89
30 15 0.81
100 19 0.77
4 12 0.94
25 13 0.96
26 27 0.78
70 16 1.0
22 39 0.81
49 35 0.87
61 71 0.8
30 53 0.78
7 74 0.93
10 30 0.84
7 79 0.87
77 51 0.97
9 26 0.87
94 96 0.92
25 74 0.83
45 37 0.85
25 100 0.81
59 26 0.91
8 5 0.78
83 23 0.8
3 83 0.77
8 30 0.89
36 22 0.92
63 31 0.75
87 68 0.96
0 99 0.77
12 45 0.97
14 69 0.86
52 58 0.83
70 10 0.8
17 1 0.83
79 76 0.83
90 47 0.87
50 23 0.97
80 9 0.95
13 20 0.85
19 8 0.79
52 65 0.79
60 18 0.82
75 69 0.88
18 37 0.96
100 2 0.78
72 70 0.91
43 9 1.0
93 54 0.95
74 24 0.9
81 63 0.75
68 82 0.86
4 42 0.8
25 62 0.76
89 90 0.76
28 26 0.95
25 26 0.76
45 28 0.76
57 78 0.87
67 37 0.96
34 91 0.83
23 30 0.75
78 13 0.95
9 40 0.92
41 81 0.82
23 64 0.75
51 21 0.96
52 40 1.0
7 42 0.78
31 48 0.87
61 75 0.94
2 74 0.81
19 96 0.92
83 64 1.0
83 77 0.89
30 38 0.94
51 58 0.82
82 0 0.81
73 36 0.77
23 68 0.81
64 45 0.98
54 65 0.93
78 29 0.97
100 25 0.81
26 38 1.0
37 63 0.79
30 60 0.76
66 4 0.86
64 95 1.0
94 62 0.82
89 60 0.92
79 69 0.93
0 60 0.87
46 45 1.0
50 77 0.99
23 75 1.0
94 88 0.82
0 81 0.98
24 93 0.88
74 95 0.85
44 56 0.8
39 68 0.99
24 16 0.91
54 57 0.83
21 5 0.94
77 89 0.91
47 51 1.0
84 82 0.88
73 47 0.93
9 56 0.81
23 18 0.83
71 46 0.83
62 7 1.0
90 40 0.79
27 56 0.99
84 80 0.83
84 17 0.88
84 12 0.89
59 5 0.97
81 44 0.83
22 5 0.99
39 19 0.94
19 78 0.84
37 2 0.98
66 0 0.96
67 27 0.91
48 61 0.86
70 11 0.89
24 100 0.77
97 27 0.97
83 12 0.99
40 37 0.9
56 82 0.79
6 97 0.96
16 88 0.89
59 27 0.98
86 32 0.76
63 46 1.0
77 70 0.76
76 82 0.99
63 82 0.76
88 89 0.85
49 23 0.8
45 46 0.93
47 41 0.91
17 90 0.93
62 67 0.76
32 80 0.88
93 25 0.96
0 23 0.83
57 52 0.75
34 47 0.87
40 27 0.98
97 51 1.0
12 57 0.89
83 74 0.99
37 65 0.9
51 56 0.79
55 44 0.82
77 5 0.9
84 5 0.82
41 93 0.91
35 17 0.83
39 99 0.85
43 55 0.86
19 3 0.85
62 94 0.81
100 59 0.86
12 47 0.99
38 9 0.87
94 44 0.77
51 2 0.82
85 46 1.0
98 39 0.99
7 88 0.99
17 28 0.93
52 32 0.96
82 73 0.97
64 21 0.99
87 80 0.81
5 24 0.89
25 38 0.79
18 55 0.78
7 45 0.97
80 11 0.98
