200 400 50 10
46 8
33 35
84 46
27 86
50 31
68 25
77 18
5 11
62 69
61 84
2 18
73 15
21 43
57 93
13 15
61 54
50 4
9 30
59 20
83 2
70 59
21 78
7 42
17 91
29 74
65 11
71 26
34 48
65 50
57 50
25 21
38 25
89 89
90 62
79 77
79 62
28 1
34 88
3 7
1 79
55 65
72 72
70 23
64 100
28 84
45 28
57 68
63 76
88 76
51 52
2 62
8 97
71 67
100 97
15 75
89 76
30 13
14 52
3 6
71 44
1 38
88 32
53 13
88 22
72 96
19 33
65 0
99 78
34 37
58 76
17 68
26 75
59 49
69 40
95 29
11 64
18 44
70 38
40 86
56 68
87 61
13 23
19 96
47 14
71 82
85 47
17 22
65 28
5 90
8 48
62 26
4 43
17 94
45 4
87 21
4 59
72 70
87 7
2 58
17 25
12 13
77 50
30 57
58 3
79 12
30 82
96 97
72 85
72 33
44 36
48 38
58 1
68 63
96 75
74 55
25 36
0 32
92 74
88 47
53 30
21 72
68 8
90 83
70 27
57 33
0 15
28 20
56 69
7 33
46 100
22 98
45 14
90 33
13 29
42 90
85 32
98 53
52 74
67 26
70 12
85 83
89 92
2 99
77 93
64 87
4 60
11 63
47 47
86 38
7 19
18 48
33 98
0 7
85 54
91 92
93 18
97 91
15 1
60 96
80 39
47 37
55 100
20 4
46 62
16 85
46 71
6 92
35 62
76 83
54 43
81 43
26 27
7 98
40 16
56 81
25 45
8 92
30 93
59 38
41 19
19 84
30 64
45 77
87 73
88 5
61 48
9 47
75 67
95 83
53 25
24 13
90 77
23 93
29 12
18 60
58 15
89 90
40 11
14 61
32 0
29 20 0.8
30 27 0.77
14 71 0.94
96 9 0.84
69 93 0.78
24 75 0.97
73 11 0.99
19 3 0.78
73 6 0.81
21 4 0.81
75 6 0.79
37 6 0.98
20 45 0.94
50 46 0.83
16 46 0.94
93 4 0.95
96 85 0.82
35 73 0.75
86 2 0.79
71 79 0.93
2 64 0.92
45 20 0.89
49 13 0.77
50 72 0.9
13 3 0.83
1 78 0.94
80 58 0.8
33 41 0.84
25 66 0.77
86 61 0.93
26 12 1.0
12 51 0.89
51 77 0.75
77 1 0.93
60 51 0.98
22 57 0.92
44 30 0.99
57 75 0.95
48 78 0.88
33 39 0.93
65 64 0.75
12 28 1.0
4 100 0.91
99 4 1.0
41 98 0.76
91 64 0.95
1 9 0.77
72 31 0.93
19 4 0.92
1 98 0.8
55 44 0.94
13 64 0.79
66 52 0.82
78 28 0.76
76 8 0.94
45 86 0.83
84 83 0.92
36 29 0.81
65 62 0.76
2 78 0.82
63 95 0.89
4 1 0.96
83 78 0.79
71 9 0.93
13 72 0.9
13 22 0.8
54 7 0.84
31 59 0.77
2 12 0.75
54 19 0.83
58 20 0.96
91 37 0.82
80 33 0.84
98 17 0.79
22 26 0.83
51 41 0.77
33 64 1.0
81 76 0.82
20 88 0.77
55 34 0.95
14 56 0.95
87 38 0.9
74 99 0.86
52 65 0.78
95 89 0.9
77 29 0.82
42 55 0.89
40 42 0.98
26 34 0.92
32 12 0.83
98 46 0.94
27 70 1.0
32 77 0.78
18 67 0.94
24 29 0.95
91 31 0.89
92 15 0.89
8 71 0.98
64 88 0.86
6 8 0.93
81 97 0.76
57 62 0.95
18 52 0.96
32 20 0.84
96 76 0.77
74 83 0.88
34 32 0.87
8 44 0.79
40 59 0.84
0 37 0.83
28 31 0.81
92 12 0.87
98 14 0.92
59 50 0.86
95 0 0.89
46 4 0.86
27 6 0.97
87 32 0.86
34 67 0.78
8 55 0.75
30 51 0.83
51 26 0.88
33 27 0.92
30 19 0.98
84 60 0.88
53 58 0.98
16 92 0.82
85 6 0.92
69 95 0.86
37 17 0.95
14 67 1.0
99 15 0.79
27 60 0.82
39 59 0.9
89 10 0.97
77 38 0.83
31 76 0.84
31 74 0.92
50 68 0.85
14 55 0.75
28 7 0.79
72 76 0.92
53 73 0.95
66 24 0.79
83 15 0.98
27 90 0.98
60 44 0.79
46 51 0.9
100 65 0.76
75 53 0.88
25 14 0.85
43 54 0.81
89 58 0.77
5 80 0.76
75 43 0.76
77 85 0.81
4 21 0.9
74 80 0.9
7 78 0.93
16 65 0.84
44 74 0.84
48 94 0.95
33 19 0.76
93 77 0.79
35 90 0.93
81 100 1.0
60 0 0.94
18 21 0.97
47 9 0.99
94 28 0.93
68 47 0.89
39 20 0.91
94 51 0.75
97 1 0.94
26 91 0.77
48 70 0.92
78 100 0.97
1 94 0.86
91 50 0.97
70 7 1.0
79 75 0.82
7 88 0.95
94 71 0.8
11 44 0.99
51 27 0.82
42 37 0.79
22 8 0.81
80 25 0.81
30 58 0.96
22 77 0.97
8 5 0.82
69 13 0.81
69 86 0.85
96 66 0.77
20 41 0.98
97 46 0.83
23 30 0.91
10 58 0.9
56 56 0.84
18 58 0.89
61 72 0.88
63 49 0.81
31 99 0.91
91 71 0.86
35 87 0.93
92 80 0.92
98 50 0.93
100 94 0.96
95 36 0.81
99 51 0.77
79 13 0.9
43 19 0.79
42 75 0.98
89 33 0.98
20 11 0.85
64 15 0.76
86 48 0.89
34 44 0.75
6 62 0.98
41 50 0.79
29 57 0.9
44 24 0.84
2 46 1.0
68 37 0.79
5 47 0.99
19 46 0.9
85 78 0.87
9 60 0.76
9 64 0.99
3 59 1.0
21 7 0.9
23 62 0.83
78 58 0.95
80 28 0.95
16 8 0.76
38 12 0.85
92 84 0.99
67 82 0.88
94 18 0.91
50 56 0.95
77 72 0.89
58 6 0.85
28 72 0.96
94 60 0.86
31 12 0.75
62 54 0.75
35 53 0.89
0 50 0.89
10 93 0.83
30 8 0.96
52 67 0.92
99 39 0.83
100 38 0.76
27 57 0.78
18 75 0.88
50 39 0.99
88 18 0.83
91 2 0.95
22 14 0.96
57 56 0.86
28 48 0.76
93 29 0.91
13 5 0.78
35 24 0.8
47 13 0.99
50 20 0.97
53 34 0.92
15 83 0.78
59 0 0.97
46 19 0.9
75 61 0.93
33 91 0.84
67 89 0.81
46 18 0.83
72 39 0.85
59 90 0.83
29 63 0.8
82 66 0.89
38 17 0.85
2 54 0.89
81 41 0.81
16 82 0.91
13 47 0.78
69 65 0.77
11 96 0.82
88 38 0.79
7 89 0.75
38 6 0.8
6 23 0.84
44 50 0.85
61 8 0.9
34 83 0.99
56 84 0.82
58 77 0.82
63 34 0.77
15 4 0.83
11 12 0.9
68 44 0.78
48 12 0.83
54 28 0.83
98 64 0.85
95 55 0.86
67 33 0.77
16 63 0.9
40 21 0.92
42 4 0.91
71 24 0.85
48 58 0.77
50 7 0.95
100 54 0.95
80 71 1.0
51 18 0.92
75 70 0.82
91 58 0.98
37 62 0.84
45 36 0.87
88 82 0.82
30 37 0.98
38 54 0.86
15 54 0.92
17 50 0.84
77 94 0.91
61 40 0.79
48 0 0.89
94 30 0.86
31 88 0.99
47 68 0.78
31 72 0.88
10 43 0.85
56 85 0.98
29 81 0.86
20 78 0.9
24 10 0.98
58 61 0.85
61 37 0.82
26 54 0.92
14 90 0.92
33 62 0.85
16 6 0.81
92 17 0.94
22 82 0.88
25 53 0.87
48 45 0.85
38 40 0.98
13 13 0.75
82 69 0.76
78 98 0.76
56 14 0.78
19 90 0.87
96 61 0.78
46 81 0.88
38 44 0.88
22 81 0.85
16 56 0.75
1 20 0.83
1 8 0.92
14 63 0.98
85 95 1.0
21 66 0.82
21 57 0.79
99 41 0.78
40 89 0.92
99 56 0.9
12 52 0.89
21 45 0.8
49 62 0.77
90 92 0.95
56 54 0.91
36 35 0.76
26 58 0.93
66 6 0.97
81 13 0.88
33 53 1.0
36 95 0.76
17 45 0.78
51 79 0.96
94 24 0.82
63 52 0.91
75 78 0.98
62 88 0.91
81 33 0.95
37 65 0.85
54 21 0.97
7 27 0.85
8 70 0.88
84 20 0.88
97 64 0.84
66 57 0.86
67 97 0.81
25 50 0.83
95 16 0.82
90 53 0.93
2 55 0.79
12 64 0.78
61 65 0.87
5 68 0.97
28 64 0.99
10 84 0.9
1 66 0.87
83 30 0.84
