200 400 50 10
25 24
8 27
89 33
22 87
50 89
90 36
53 55
91 2
70 64
48 52
58 64
24 33
33 7
53 9
41 8
7 93
69 92
27 24
31 72
8 72
14 94
6 92
86 37
6 17
34 42
61 42
87 28
41 73
92 34
63 52
57 52
38 13
97 62
16 84
60 28
38 20
24 88
88 36
35 43
35 85
95 68
30 42
15 49
97 54
29 76
81 76
30 66
7 84
35 1
46 29
81 2
70 94
90 75
18 81
41 36
9 5
1 86
46 71
13 31
41 97
21 7
16 13
18 58
32 29
94 28
28 17
11 63
61 46
40 27
71 5
55 12
12 11
37 4
21 38
43 46
73 75
71 50
77 66
5 29
42 92
12 8
47 84
58 49
16 51
48 77
86 21
51 32
29 85
35 10
87 40
39 20
46 61
8 1
96 71
66 99
52 70
12 12
70 31
1 6
18 64
8 77
85 74
64 8
35 27
30 75
27 10
11 70
76 50
22 65
67 62
90 96
73 57
29 35
6 62
38 15
12 60
43 61
8 57
70 91
38 10
72 92
81 91
76 77
39 64
6 3
98 27
84 12
65 8
94 74
72 41
37 58
45 40
6 22
75 4
77 93
70 100
45 37
16 32
93 25
87 74
66 71
40 35
7 77
79 84
39 84
7 80
13 48
62 99
64 49
27 26
13 75
54 19
21 36
91 78
24 30
64 6
94 65
79 36
82 57
79 94
83 66
82 63
21 78
29 26
95 43
21 81
64 15
77 7
50 34
75 40
49 30
85 94
78 65
74 67
64 3
21 57
42 66
17 93
1 8
0 48
0 25
2 82
100 45
76 12
51 6
48 91
71 3
30 2
4 86
36 52
71 64
80 5
38 71
46 7
66 5
9 14
0 32
58 93
26 18
72 7
23 2 0.8
82 62 0.77
28 7 0.91
71 40 0.99
89 63 0.76
86 36 0.86
12 26 0.93
71 1 0.88
54 1 0.91
20 1 0.84
53 50 0.78
14 83 0.85
8 11 0.77
82 32 0.77
82 40 0.88
56 97 0.82
13 4 0.95
62 69 0.75
90 19 0.78
3 28 0.77
65 62 0.83
44 1 0.84
55 91 0.84
53 42 0.91
59 13 0.95
27 100 0.99
74 28 0.97
8 85 0.99
27 36 0.87
59 6 0.77
16 63 1.0
67 13 0.99
70 24 0.91
69 62 0.93
26 99 0.83
28 75 0.95
40 17 0.85
39 48 0.8
53 85 0.9
25 71 0.95
30 54 0.82
62 23 0.75
30 0 0.98
82 64 0.87
16 42 0.92
72 13 0.91
11 86 0.8
99 37 0.91
30 93 0.95
48 96 0.9
13 24 0.95
40 44 0.89
7 73 0.83
57 24 0.8
42 57 0.8
0 33 0.75
13 25 0.97
40 57 0.76
74 100 0.97
46 95 0.98
43 24 0.98
26 82 0.75
54 18 0.94
17 33 0.82
9 87 0.91
18 62 0.79
40 71 0.87
37 89 0.75
56 85 0.85
30 10 0.82
56 56 0.79
1 60 0.79
43 80 0.99
80 31 0.84
55 5 0.8
96 62 0.96
69 32 0.87
67 32 0.85
80 29 0.83
31 25 0.82
43 34 0.97
40 43 0.79
32 67 0.78
73 61 0.77
40 91 0.86
71 81 0.82
97 83 0.83
34 8 0.85
39 53 0.93
72 31 0.92
59 34 0.77
1 17 1.0
40 62 0.84
23 57 0.9
98 94 0.77
90 84 0.96
14 8 0.85
60 46 0.99
46 6 0.91
20 18 0.94
27 0 0.87
20 82 0.76
54 53 0.83
64 0 0.93
1 39 0.88
81 55 0.76
42 9 0.93
25 99 0.89
57 62 0.75
9 90 0.88
69 47 0.89
18 96 0.99
45 35 0.96
4 46 0.89
16 62 0.92
43 51 0.75
91 51 0.82
15 38 1.0
40 65 0.93
32 69 0.89
30 83 0.75
32 64 0.89
7 60 0.87
66 67 0.77
84 21 1.0
95 31 0.79
71 47 0.94
4 79 0.75
87 10 0.92
48 17 0.81
92 42 0.91
44 29 0.76
83 79 0.91
5 0 0.77
15 86 0.86
77 58 0.82
10 25 0.96
48 98 0.81
42 16 0.93
40 87 0.84
72 29 0.87
99 85 0.82
43 49 0.81
6 8 0.9
22 44 0.8
84 29 0.96
34 83 0.84
7 18 0.92
21 84 0.79
67 46 0.81
84 54 0.93
45 7 0.99
42 75 0.99
6 74 0.9
52 37 0.87
79 12 0.96
34 87 0.87
13 13 0.76
89 51 0.88
71 10 0.8
87 79 0.94
42 5 0.96
37 11 0.79
25 82 0.84
75 63 0.76
50 78 0.81
29 93 0.9
30 44 0.91
18 28 1.0
20 16 0.92
40 24 0.97
86 33 0.94
54 24 0.98
36 69 0.97
100 80 0.83
16 6 0.87
82 48 0.9
52 59 0.96
74 37 0.96
40 76 0.99
42 87 0.92
28 21 0.82
4 34 0.88
62 11 0.9
41 41 0.93
50 5 0.88
34 61 0.94
83 56 0.97
81 63 0.75
93 74 0.87
46 30 0.89
40 75 0.82
73 58 0.92
9 24 0.8
76 41 0.87
97 27 0.92
60 90 0.84
29 0 0.9
4 76 0.87
10 74 0.92
85 69 0.96
77 86 0.87
18 97 0.92
6 76 0.79
60 85 0.95
21 95 0.95
83 27 0.82
9 30 0.95
77 46 0.75
12 23 0.88
95 35 0.88
66 91 0.92
67 77 0.89
78 63 0.92
86 12 0.84
17 20 1.0
52 83 0.94
28 61 0.9
71 0 1.0
29 50 0.93
85 71 0.88
52 33 1.0
7 85 0.85
81 70 0.85
85 3 0.89
9 63 0.91
54 66 0.91
75 69 0.97
33 74 0.78
73 49 0.87
5 55 0.98
52 19 0.75
10 75 0.85
47 3 0.77
16 3 1.0
95 30 0.98
67 87 1.0
41 76 0.82
90 45 0.8
64 41 0.88
27 91 0.79
7 19 0.91
35 19 1.0
35 71 0.91
93 12 0.87
66 83 0.97
31 81 0.83
90 1 0.99
56 93 0.99
59 12 0.99
8 18 0.94
58 85 0.76
6 68 0.86
68 86 0.94
40 11 0.83
49 99 0.95
26 95 0.77
93 90 0.78
20 64 0.83
92 44 0.87
65 36 0.76
13 36 0.89
24 79 0.86
23 50 0.94
98 62 0.98
67 31 0.78
17 6 0.87
92 38 0.94
72 39 0.81
92 57 0.78
55 7 0.78
49 53 0.79
62 37 0.92
1 100 0.81
99 28 0.76
28 33 0.91
52 81 0.9
52 21 0.86
35 21 0.98
35 23 0.99
14 96 0.75
11 93 0.93
53 31 0.84
36 91 0.8
71 67 0.75
68 22 0.83
6 64 0.96
100 53 0.91
98 58 0.87
26 60 0.88
80 97 0.92
25 8 0.85
56 84 0.89
94 22 0.81
73 99 0.98
69 85 0.82
54 57 0.86
87 77 0.98
5 26 0.99
16 12 0.9
60 89 0.83
40 60 0.97
49 15 0.83
6 7 0.83
46 70 0.99
39 96 0.8
72 1 0.94
65 86 0.81
93 60 0.95
35 48 0.77
52 49 0.9
67 85 0.89
51 17 0.88
77 57 0.79
75 73 0.9
60 56 0.86
65 65 0.81
44 69 0.77
100 94 0.97
98 48 0.93
83 96 0.96
45 76 0.78
14 38 0.98
28 74 0.78
58 53 0.93
92 30 0.94
49 87 0.85
51 56 0.99
94 84 0.98
38 87 0.84
65 91 0.93
14 73 0.81
14 91 0.9
75 89 0.79
41 78 0.87
72 52 0.86
50 46 0.76
8 29 0.94
21 100 1.0
9 41 0.89
43 56 0.93
15 82 0.76
80 72 0.98
70 45 0.98
0 39 0.84
81 73 1.0
7 62 0.8
57 5 0.89
82 67 0.94
64 82 0.92
79 38 0.86
99 70 0.98
55 28 0.82
0 5 0.94
60 48 0.93
64 9 0.83
92 64 0.92
57 85 0.75
75 32 0.79
25 21 0.98
62 32 0.92
65 41 0.95
63 71 0.86
22 56 0.88
63 68 1.0
23 18 0.76
8 60 0.92
17 50 0.75
81 60 0.87
76 23 0.97
49 39 0.76
1 22 0.88
28 93 0.89
13 60 0.87
95 78 0.88
4 73 0.83
51 38 0.8
62 71 0.98
95 63 0.95
32 78 0.95
19 91 0.94
90 58 0.93
74 85 0.89
17 78 0.91
63 64 0.97
62 33 0.9
10 45 0.97
43 88 0.76
75 88 0.86
8 28 0.75
26 65 0.82
65 11 0.98
12 58 0.94
25 39 0.93
34 56 0.9
40 80 0.96
48 67 0.79
39 40 0.94
38 65 0.87
12 20 0.89
