200 400 20 10
7 33
22 0
28 73
71 94
90 11
27 97
10 66
78 80
66 39
92 17
8 95
22 37
32 41
97 63
27 94
2 82
43 66
1 64
75 52
80 97
64 17
51 62
76 29
43 68
52 43
65 13
22 79
36 46
98 77
65 73
48 73
66 83
33 49
75 58
2 13
77 80
96 45
79 86
88 49
70 50
86 25
53 13
83 70
33 59
34 93
79 4
12 2
97 97
78 36
61 50
1 56
89 36
66 61
60 93
1 19
88 48
28 18
43 43
87 12
0 26
44 72
65 20
4 0
56 80
9 26
88 27
45 45
4 12
5 60
78 1
30 34
91 49
35 97
44 62
6 6
6 71
11 59
73 13
6 74
86 4
9 72
33 13
44 68
70 18
61 84
42 71
54 23
53 83
43 92
30 42
29 65
92 13
70 38
13 19
76 68
21 16
24 84
44 13
86 46
28 52
50 38
93 29
10 65
66 52
50 80
72 38
42 68
82 90
82 50
67 98
56 45
70 89
13 93
5 0
2 79
57 40
64 61
8 66
68 31
35 90
25 48
4 3
18 35
57 94
51 25
14 81
60 69
64 63
45 64
88 46
58 94
9 96
51 81
86 2
83 71
48 94
78 82
100 20
60 88
37 43
41 45
16 66
28 76
15 82
63 74
34 88
78 8
77 25
26 92
5 83
92 23
23 4
25 20
59 63
65 95
56 36
20 63
19 24
77 28
3 50
5 23
61 13
0 69
55 53
30 44
26 87
81 75
99 72
8 33
25 67
90 86
95 95
17 43
94 54
68 81
35 50
71 73
92 0
94 35
8 17
45 15
67 46
55 11
11 2
18 17
66 56
8 51
94 75
65 3
86 16
8 7
44 22
34 21
96 36
88 21
70 13
93 77
62 90
77 10
31 73
99 84 0.79
57 49 0.92
66 53 0.86
95 28 0.95
68 23 1.0
10 37 0.78
22 78 0.88
17 9 0.94
38 38 0.81
82 36 0.89
19 6 0.83
41 91 0.88
84 80 0.97
41 30 0.93
51 31 0.88
88 36 0.9
69 31 0.97
70 87 0.82
44 42 0.93
21 95 0.79
70 28 0.99
6 97 0.9
51 1 0.94
100 26 0.77
61 67 0.82
85 33 0.79
5 26 0.81
68 16 0.98
39 78 1.0
83 28 0.86
84 85 0.96
46 23 1.0
40 6 1.0
8 98 0.98
49 46 0.87
93 32 0.75
54 14 0.92
51 72 0.98
0 44 1.0
43 12 0.98
63 86 0.75
39 36 0.81
27 44 0.91
60 70 0.85
46 37 1.0
6 100 0.75
63 11 0.76
87 34 0.79
85 87 0.96
32 96 0.87
9 19 0.76
24 90 1.0
94 87 0.84
62 84 0.89
77 52 0.84
41 88 0.77
96 0 1.0
16 31 0.99
83 22 0.88
75 57 0.86
24 66 0.9
32 47 0.81
29 70 0.82
42 23 0.93
7 63 0.87
80 100 0.98
41 9 0.91
32 56 0.94
80 19 0.89
19 96 0.79
11 81 0.93
21 82 0.99
82 76 0.79
50 42 0.86
72 69 0.98
78 76 0.87
2 50 0.75
90 95 0.95
27 14 0.83
17 1 0.75
97 89 0.75
84 86 0.88
50 75 0.91
20 100 0.9
85 98 0.87
0 50 0.81
52 39 0.99
71 41 0.77
61 6 0.77
38 91 0.94
60 74 0.79
91 19 0.85
93 2 0.87
12 8 0.81
85 1 0.83
7 9 0.96
38 43 0.81
44 61 0.75
66 99 0.75
24 11 0.79
60 12 0.96
59 86 0.91
73 19 0.87
52 83 0.99
94 57 0.82
28 92 0.79
30 4 0.96
77 1 0.85
55 3 0.97
22 2 0.76
46 78 0.89
27 3 0.83
76 98 0.92
42 96 0.85
32 58 0.99
22 49 0.86
18 44 0.79
13 82 0.76
37 96 0.99
73 100 0.94
58 76 0.83
33 42 0.98
41 53 0.94
72 50 0.91
77 16 0.96
91 68 1.0
5 30 0.97
42 14 0.82
22 87 0.84
89 54 0.94
62 58 0.89
35 49 0.76
23 15 0.81
30 48 0.79
26 51 0.88
44 73 0.84
19 4 0.81
65 74 0.78
1 15 0.82
63 57 0.8
33 77 0.83
86 51 0.9
19 34 0.87
82 94 0.91
81 88 1.0
39 6 0.99
27 96 0.85
88 8 0.84
55 87 0.99
82 25 0.83
19 21 0.78
52 89 0.92
11 4 0.82
74 28 0.95
55 69 0.83
16 86 0.95
27 41 0.91
36 18 0.98
92 11 0.96
48 74 1.0
62 6 0.9
99 51 0.95
38 4 0.96
5 86 0.91
23 22 0.96
84 96 0.8
97 22 0.76
25 39 0.96
1 88 0.99
52 20 0.9
80 68 0.9
38 66 1.0
3 88 0.99
32 20 0.9
76 57 0.99
74 82 0.86
82 67 0.75
62 92 0.83
52 29 0.9
10 62 0.77
0 7 1.0
73 47 0.84
41 8 0.84
39 74 0.85
15 17 0.9
60 44 0.82
81 37 0.76
69 99 0.87
58 70 0.75
0 62 0.97
97 75 0.85
57 54 0.83
25 90 0.88
26 55 0.85
50 1 0.99
64 39 0.9
65 5 0.84
95 64 0.93
34 53 0.76
87 75 0.83
65 89 0.92
65 34 0.81
7 94 0.83
17 64 0.78
72 20 1.0
24 43 0.9
55 80 0.95
10 9 0.84
57 53 0.84
51 48 0.77
90 87 0.76
21 90 0.89
99 9 0.93
8 90 0.96
87 64 0.96
90 21 0.78
88 31 0.91
22 100 0.94
25 69 0.76
0 30 0.8
52 30 0.79
28 97 0.95
87 33 0.76
58 0 0.79
59 51 0.9
96 61 0.97
48 72 0.97
26 44 0.85
76 16 0.97
15 61 0.88
55 17 0.88
77 37 0.86
3 51 0.78
73 93 0.85
43 4 0.95
1 6 0.98
16 16 0.81
53 21 0.84
0 83 0.95
11 80 0.82
75 78 0.96
12 24 0.89
33 47 0.79
28 40 1.0
55 5 1.0
100 84 0.88
4 33 0.81
73 39 0.87
21 29 0.82
57 79 0.8
98 16 0.92
97 90 0.86
38 8 0.84
38 55 0.79
43 26 0.9
4 9 0.76
24 63 1.0
20 64 0.99
51 15 1.0
35 52 0.98
76 89 0.96
6 9 0.91
45 36 0.98
79 24 0.88
45 73 0.91
92 56 0.97
20 49 1.0
96 73 0.89
40 62 0.9
6 83 0.81
91 75 0.96
65 62 0.89
7 55 0.84
22 65 0.91
75 79 0.92
45 13 0.79
63 94 0.99
82 84 0.89
8 27 0.91
30 63 0.95
81 56 0.81
49 14 0.85
6 18 0.83
63 62 0.79
40 100 0.82
15 2 0.77
69 100 0.92
23 98 0.98
28 55 0.77
64 26 0.95
17 32 0.96
75 67 0.79
20 66 0.85
86 88 0.96
82 56 0.97
83 77 0.77
47 63 0.94
23 3 0.95
14 39 0.83
97 52 0.99
71 50 0.77
23 97 0.92
4 34 0.85
40 18 1.0
82 79 0.91
37 58 0.82
69 24 0.87
42 70 0.81
94 68 0.83
71 74 0.95
29 71 0.85
2 16 0.76
43 85 0.93
90 7 0.97
57 37 0.75
90 55 0.93
42 17 0.85
68 62 0.75
24 4 0.87
2 21 0.88
78 56 0.79
50 69 0.95
46 88 0.85
81 59 0.92
49 55 0.93
59 88 0.78
94 19 0.75
48 29 0.9
23 38 0.91
26 90 0.94
28 26 0.78
54 62 0.89
62 52 0.89
8 97 0.93
64 33 0.93
56 98 0.96
86 81 0.89
55 64 0.85
34 8 0.87
5 22 0.95
39 81 0.94
22 59 0.84
80 39 0.99
0 19 0.76
1 49 0.75
89 79 0.85
36 2 0.87
98 7 0.75
59 54 0.86
40 5 0.87
73 98 0.79
40 84 0.89
55 57 0.92
31 84 0.99
93 49 0.92
2 68 0.84
92 63 0.95
8 31 0.79
41 4 1.0
59 98 0.95
58 13 0.9
89 49 0.75
87 62 0.89
13 37 0.75
73 87 0.92
81 65 0.81
14 2 0.83
49 43 0.96
49 95 0.79
100 13 0.82
37 56 0.96
74 83 0.91
58 97 0.98
25 32 0.76
29 40 0.82
33 94 0.96
0 75 0.9
44 14 0.76
23 40 0.83
96 79 0.91
43 45 0.75
95 38 0.78
18 98 0.99
45 10 0.82
88 22 0.81
72 76 0.97
73 0 1.0
57 14 0.75
7 74 0.87
74 44 0.99
38 79 0.82
85 35 0.88
64 46 0.83
62 22 1.0
46 67 0.88
89 75 0.77
29 94 0.79
29 27 0.85
74 74 0.99
66 33 1.0
