200 400 100 10
45 88
1 29
74 49
91 5
22 83
11 33
1 97
35 61
44 19
46 84
92 67
19 56
0 63
83 77
18 92
28 63
90 6
86 97
16 33
68 1
7 58
17 24
14 94
55 97
54 58
49 19
73 5
67 22
54 39
17 77
32 92
42 86
16 77
13 58
10 56
19 81
14 8
85 7
8 82
62 4
65 29
8 77
21 65
84 78
28 68
65 64
39 6
85 11
16 99
100 63
19 62
58 43
71 27
0 97
82 91
31 3
100 73
86 67
90 34
56 2
19 7
26 92
86 88
60 71
92 37
72 81
19 5
5 95
43 47
11 64
83 99
44 22
57 76
41 40
61 21
5 29
53 98
12 64
68 30
10 34
56 45
41 62
46 38
92 3
34 80
11 29
82 12
99 58
20 28
54 7
94 82
15 15
97 54
84 57
40 43
84 33
80 56
64 56
33 76
26 37
15 80
93 80
22 37
52 69
95 65
2 40
60 2
31 82
23 8
37 66
22 94
30 32
89 87
96 3
32 83
55 48
44 73
19 24
31 88
12 43
41 34
79 75
5 59
46 75
37 26
13 86
19 91
51 54
11 19
80 61
96 83
79 82
3 24
26 19
4 39
55 38
0 56
40 47
34 53
66 14
95 66
91 17
31 26
48 56
27 27
86 6
90 10
71 97
53 12
96 28
78 74
9 6
29 59
52 75
82 37
33 75
77 58
86 86
77 90
61 27
41 5
94 59
58 46
17 95
84 66
66 4
5 73
9 67
12 42
53 37
84 92
30 95
22 28
99 67
75 75
50 60
93 22
84 43
97 23
68 88
7 41
8 24
87 50
91 99
97 19
15 71
72 25
66 72
95 8
70 34
71 69
22 76
67 38
47 57
63 2
83 2
23 75
79 61
96 66
11 76
51 28 0.89
87 55 0.81
100 40 0.83
57 20 0.96
25 31 0.78
73 0 0.93
36 97 0.9
84 46 0.8
36 28 0.99
68 34 0.86
45 10 0.81
68 6 0.78
82 33 0.93
62 87 0.92
7 42 0.8
35 20 0.92
45 87 0.9
21 36 0.87
0 14 0.94
10 86 0.75
54 23 0.87
0 7 0.83
15 5 0.98
28 70 0.96
59 61 0.94
86 12 0.98
20 82 0.83
13 62 0.95
77 15 0.8
96 6 0.8
75 96 0.93
24 82 0.85
80 51 0.95
47 91 0.95
79 77 0.96
26 13 0.83
93 98 0.83
39 0 0.78
6 31 0.82
83 78 0.75
12 30 0.93
26 83 0.81
31 93 0.91
12 9 0.98
77 80 0.79
50 86 0.86
95 9 0.9
44 60 0.99
54 14 0.91
100 5 0.83
21 64 0.9
90 36 0.75
6 34 0.96
53 33 0.8
5 15 0.79
56 60 0.92
0 76 0.91
74 65 0.79
97 15 0.91
3 65 0.95
56 93 0.8
8 39 0.9
95 10 0.9
75 38 0.9
3 71 0.89
90 96 0.9
20 68 0.83
82 84 0.89
4 81 0.89
56 67 0.91
76 12 0.98
71 81 0.96
32 21 0.84
36 61 0.95
47 48 0.79
68 42 0.9
89 73 1.0
31 46 1.0
44 85 0.97
90 48 0.75
94 95 0.81
99 9 0.76
91 81 0.8
27 0 0.95
45 70 0.77
95 93 0.93
12 50 0.95
65 55 0.88
48 50 0.94
19 45 0.87
48 3 0.75
77 87 0.8
99 88 0.83
91 59 0.8
76 38 0.85
37 57 0.88
61 48 0.77
40 12 0.83
5 30 0.96
16 18 0.92
83 31 0.9
58 17 0.97
72 56 0.88
18 93 0.76
67 10 0.81
78 32 0.97
92 61 0.78
81 54 0.89
12 38 0.8
5 67 0.93
31 74 1.0
48 61 0.88
77 10 0.8
46 94 0.84
35 6 0.9
73 8 0.83
32 22 0.87
38 46 0.98
31 0 0.81
21 19 0.83
5 4 0.86
82 81 0.92
98 48 0.99
50 57 0.95
66 50 0.98
75 64 0.81
32 79 0.96
61 60 0.96
19 17 0.96
38 59 0.8
5 86 0.88
53 75 0.9
11 38 0.81
94 83 0.94
28 67 0.79
28 94 0.88
63 54 0.78
52 40 0.76
23 34 0.82
8 75 1.0
18 82 0.94
4 63 1.0
86 91 0.88
76 82 0.77
26 23 0.91
86 49 1.0
4 77 0.84
88 72 0.96
39 26 0.76
92 52 0.76
57 37 0.81
68 70 0.87
62 0 0.93
49 40 0.9
50 28 0.76
2 52 0.95
77 84 0.99
5 98 1.0
29 75 0.87
45 17 0.78
28 1 0.83
43 80 0.91
77 50 0.84
25 16 0.87
34 92 0.95
80 6 0.93
60 63 0.76
92 27 0.88
57 17 0.88
59 26 0.9
30 15 0.89
2 26 0.97
39 11 0.98
46 95 0.92
73 91 0.8
89 49 0.83
69 61 0.8
77 49 0.94
60 100 0.85
38 80 0.76
93 57 0.99
35 33 0.88
33 60 0.98
94 4 0.92
89 15 0.81
70 75 0.95
52 78 0.98
30 97 0.91
16 97 0.88
61 68 0.78
24 26 0.91
27 22 0.8
3 79 0.97
83 4 0.87
71 43 0.8
24 31 0.89
60 46 0.98
46 25 0.87
90 53 0.79
98 9 0.78
0 74 0.92
7 65 0.8
38 77 0.98
50 44 0.9
24 54 0.97
42 20 0.83
51 86 0.89
76 36 0.81
37 91 0.8
5 32 0.87
79 40 0.75
47 63 0.75
61 66 0.76
97 9 0.85
22 96 0.93
100 41 0.98
100 31 0.88
87 97 0.92
25 66 0.94
85 32 0.8
61 91 0.95
54 2 0.99
69 95 0.81
42 51 0.86
65 50 0.89
46 88 0.89
67 54 0.98
89 43 0.79
79 13 0.97
78 80 0.75
74 8 0.89
70 63 0.92
20 43 0.94
87 98 0.83
55 8 0.91
71 70 0.94
16 52 0.95
97 73 0.88
51 70 0.99
29 38 0.78
52 10 0.99
15 26 0.99
65 21 0.76
3 31 0.91
88 75 0.92
81 46 0.85
52 38 0.87
17 97 0.83
49 64 0.87
71 64 0.81
78 3 0.81
31 25 0.85
40 95 0.83
65 62 0.86
37 100 0.89
47 51 0.82
100 96 0.91
40 60 0.8
81 44 0.97
41 0 0.9
50 23 0.91
13 48 0.82
22 51 0.76
56 79 0.95
29 34 0.9
92 72 0.95
58 35 0.75
74 76 0.89
66 41 0.87
21 50 0.77
32 77 0.85
62 56 0.83
9 49 0.8
100 85 0.89
7 31 1.0
13 6 0.99
20 99 0.95
25 65 0.79
1 8 0.99
60 7 0.98
51 10 0.95
67 44 0.87
22 39 0.85
29 0 0.77
12 4 0.87
56 73 0.95
21 3 0.78
95 68 0.93
73 59 0.82
52 34 0.78
21 90 0.82
48 93 0.91
65 57 0.93
16 36 0.78
55 51 0.99
65 46 0.99
74 4 0.99
93 42 0.78
14 82 0.94
60 89 0.93
81 2 0.87
83 58 1.0
11 45 0.76
73 56 0.97
87 10 0.98
78 96 0.95
54 42 0.8
100 58 0.77
30 58 0.84
16 55 0.92
45 57 0.78
49 65 0.78
86 15 0.82
72 43 0.79
86 54 0.8
29 28 0.87
13 85 1.0
48 84 0.86
91 57 1.0
37 25 0.93
8 16 0.75
70 58 0.78
81 94 0.77
96 14 0.8
59 17 0.81
30 22 0.98
56 53 0.98
40 28 0.94
13 91 0.9
5 89 0.97
19 46 0.89
12 23 0.96
62 2 0.99
31 13 0.96
100 46 1.0
92 8 1.0
69 68 0.97
52 58 0.88
86 69 1.0
42 24 0.91
53 27 0.92
3 7 0.94
88 81 0.79
26 59 0.81
22 61 0.75
24 39 0.83
64 29 0.86
92 70 0.88
79 58 0.77
13 49 0.94
38 27 0.87
7 44 0.85
23 37 0.76
13 10 0.93
96 63 0.76
24 1 0.84
42 77 0.84
9 7 0.78
22 60 0.95
0 43 0.97
4 8 0.96
0 28 0.75
11 35 0.9
58 52 0.88
41 8 0.83
84 9 0.86
52 27 0.79
26 76 0.75
86 79 0.79
20 86 0.96
43 69 0.86
19 15 0.89
4 67 0.9
100 57 0.75
75 69 1.0
71 0 0.99
98 70 0.8
35 27 0.94
9 71 0.84
81 81 0.93
46 28 0.9
20 93 0.91
23 73 0.89
8 6 0.84
88 31 0.91
65 1 0.82
12 85 0.93
89 57 0.96
35 25 0.75
65 39 0.96
0 91 0.77
1 66 0.93
50 5 0.83
94 78 0.87
49 33 0.84
25 29 0.84
15 93 0.76
81 87 0.93
17 54 0.89
57 61 0.93
