200 400 100 10
55 10
90 69
97 70
67 49
55 14
62 90
85 61
42 56
56 98
2 34
69 59
46 47
91 12
67 28
100 42
37 46
61 59
50 64
85 93
91 3
13 52
14 35
80 26
52 14
77 61
93 21
76 28
78 71
96 30
53 45
94 3
66 10
11 31
65 58
23 35
19 82
81 3
44 32
29 65
58 54
71 57
43 82
65 69
30 83
21 33
13 47
35 14
28 59
18 78
63 82
48 39
22 92
46 0
97 6
43 15
36 60
98 47
26 2
61 4
79 44
73 56
46 31
66 18
79 1
72 60
96 19
89 24
55 59
74 49
70 73
60 23
89 69
21 6
85 11
25 56
18 10
17 14
5 38
47 43
81 59
64 59
16 100
12 21
66 15
29 73
29 58
95 30
41 2
22 93
76 66
29 28
57 10
49 8
27 65
26 28
26 3
87 23
63 20
5 71
73 11
63 98
91 50
70 49
4 97
18 46
66 24
40 25
50 24
83 8
93 98
36 44
52 35
57 55
96 82
54 81
71 78
87 83
26 78
3 58
79 59
70 22
20 73
74 25
79 89
72 27
2 26
42 42
35 63
57 80
43 45
88 83
13 42
47 10
5 41
33 13
98 38
15 92
15 21
97 42
7 54
31 39
69 48
19 60
2 30
62 13
26 0
2 75
78 42
13 67
54 38
58 85
88 88
81 79
67 50
73 2
6 3
80 27
10 0
19 64
71 21
17 35
29 26
58 49
63 36
33 7
68 16
83 4
33 25
38 92
8 60
98 58
20 100
37 37
36 63
8 2
61 21
9 29
98 17
77 43
73 23
52 43
65 62
35 13
60 36
93 89
58 100
43 78
62 6
24 45
34 53
36 79
67 33
67 76
4 69
86 75
48 43
51 41
24 43
83 96
12 12
41 87 0.86
74 92 0.92
61 5 0.84
26 74 0.75
47 79 0.93
97 13 0.76
50 16 0.78
85 69 0.96
24 97 0.96
96 88 0.91
50 50 0.93
25 58 0.91
38 46 0.84
65 79 0.96
82 70 0.77
49 43 0.88
48 25 1.0
0 15 0.76
67 80 0.88
93 95 0.85
21 54 0.95
45 82 0.94
52 15 0.78
46 66 0.78
61 31 0.88
4 79 0.8
61 82 0.97
52 90 0.91
86 32 0.78
93 26 0.85
17 43 0.77
63 14 0.89
80 37 0.88
22 42 0.94
7 20 0.8
34 1 0.87
99 4 0.94
85 90 0.99
14 67 0.95
63 62 0.96
59 75 0.8
56 73 0.92
67 7 0.77
26 30 0.87
94 51 1.0
67 72 0.79
55 39 0.75
39 90 0.99
83 15 0.87
83 59 0.95
70 23 0.81
62 91 0.77
82 43 0.81
35 27 0.87
97 18 0.84
70 89 0.85
73 22 0.76
54 53 0.91
71 63 0.8
28 52 1.0
45 25 0.81
45 18 0.84
13 56 0.98
41 83 0.95
90 26 0.76
64 69 0.76
89 73 0.97
53 100 0.76
86 31 0.89
70 68 0.96
75 35 0.75
10 23 0.98
54 37 1.0
95 81 0.78
74 0 0.95
37 61 0.89
73 35 0.99
72 10 0.98
40 43 0.88
85 33 0.91
1 32 0.87
68 59 0.8
42 48 0.9
2 60 0.77
94 77 0.81
61 2 0.85
89 31 0.83
86 46 0.87
94 20 0.83
22 1 0.75
30 79 0.95
69 30 0.89
25 7 0.89
98 28 0.86
23 98 0.8
23 56 0.96
8 11 0.76
36 32 0.99
92 64 0.81
14 97 1.0
35 10 0.98
94 94 0.9
71 86 0.93
25 44 0.81
98 14 1.0
26 46 0.95
77 8 0.85
36 89 0.92
54 85 0.76
27 85 0.94
86 58 0.84
48 56 0.93
7 12 0.88
15 44 0.86
32 9 0.88
18 22 0.76
47 84 0.78
72 66 0.83
30 54 0.79
47 38 0.99
35 61 0.83
10 40 0.88
63 50 0.9
25 50 0.87
74 28 0.79
80 87 0.89
55 43 0.85
35 36 0.76
96 84 0.87
36 29 0.81
59 71 0.85
91 43 0.89
59 3 0.89
9 22 0.76
35 82 0.79
41 94 0.78
45 45 0.94
89 55 0.79
34 0 0.96
52 38 0.98
61 73 0.86
18 47 0.77
42 71 0.77
33 76 0.77
95 76 0.88
96 85 1.0
36 14 0.87
49 14 0.76
70 48 0.76
75 21 0.94
34 52 0.8
5 53 0.91
4 86 0.89
70 87 0.86
91 56 1.0
26 92 0.92
25 85 0.95
30 39 0.94
97 30 0.75
72 2 0.95
18 4 0.77
76 58 0.93
51 20 0.94
21 23 0.86
23 43 0.77
85 68 0.96
5 65 0.94
26 13 0.88
83 67 0.95
31 82 0.98
8 40 0.77
51 87 0.97
88 61 0.8
90 1 0.79
89 39 0.86
15 51 0.94
33 98 0.9
15 96 0.87
52 46 0.98
15 57 0.95
72 55 0.89
82 25 0.83
89 16 0.94
82 90 0.96
32 57 0.76
35 21 0.91
96 41 0.79
12 34 0.92
48 58 0.79
9 74 0.81
76 68 0.94
21 5 0.97
9 50 1.0
59 29 1.0
78 69 0.91
36 42 0.93
51 12 0.84
23 4 0.99
91 99 0.78
29 48 0.84
43 91 0.92
7 83 0.86
38 29 0.99
20 58 0.91
29 27 0.8
2 38 0.85
65 18 0.79
79 68 0.96
85 95 0.99
90 32 0.79
2 80 0.8
44 38 0.77
97 96 0.9
83 98 0.85
41 28 0.78
44 65 0.84
50 52 0.94
24 1 0.85
79 65 0.88
73 8 0.88
47 88 0.77
27 22 0.9
68 17 0.82
44 66 0.93
79 30 0.86
75 92 0.91
80 28 0.95
62 77 0.97
3 12 0.96
45 71 0.81
25 15 0.78
21 43 1.0
93 24 0.81
39 3 0.94
53 58 0.9
3 64 0.85
27 52 0.77
63 26 0.89
74 45 0.8
89 92 0.91
51 10 0.75
54 67 0.75
49 62 0.98
47 62 0.93
80 55 0.94
18 63 0.79
11 13 0.8
60 90 0.89
35 43 0.98
39 58 0.97
18 57 1.0
33 54 0.94
83 64 0.83
97 64 0.87
12 3 0.96
82 80 0.97
23 69 0.78
76 85 0.85
26 26 0.85
34 37 0.97
95 63 0.83
21 8 0.82
9 78 0.87
63 68 0.83
63 71 0.93
87 95 0.82
42 74 0.82
62 44 0.99
57 96 0.77
80 3 0.77
88 47 1.0
83 74 1.0
4 8 0.88
54 51 0.89
92 46 0.79
76 47 0.92
33 28 0.99
71 72 0.94
39 83 0.81
72 4 0.99
84 8 0.81
41 95 0.84
22 30 0.9
7 98 0.94
98 57 0.88
19 5 1.0
43 42 0.83
32 97 0.8
50 76 0.92
27 100 0.89
85 53 0.9
38 16 0.94
62 100 0.93
30 27 0.8
88 95 0.79
81 26 1.0
30 85 0.92
2 77 0.87
49 81 0.91
49 34 0.82
27 86 1.0
50 91 0.85
34 72 0.86
39 39 0.94
6 79 0.76
79 24 0.99
36 67 0.79
84 68 0.93
58 84 0.88
17 83 0.87
23 3 0.84
41 5 0.85
1 66 0.77
19 85 0.97
30 73 0.88
8 97 0.88
89 96 0.78
19 15 0.99
51 58 0.91
80 62 0.95
43 60 0.76
79 54 0.8
62 69 0.78
36 98 0.79
64 26 0.93
10 98 0.96
94 71 0.93
96 38 0.98
73 16 0.76
39 26 0.81
79 60 0.9
94 28 0.9
23 87 0.81
95 26 0.77
83 76 0.83
34 32 0.89
86 72 0.77
0 91 0.91
18 1 0.83
93 54 0.82
52 74 0.87
33 64 0.99
12 52 0.95
50 13 0.86
35 0 1.0
71 45 0.94
88 20 0.97
48 86 0.99
96 72 0.8
48 4 0.91
49 69 0.98
7 38 0.79
41 48 0.77
86 69 0.9
2 39 0.75
14 1 0.99
33 47 0.99
56 64 0.91
65 45 0.85
92 60 0.87
42 4 0.76
84 78 0.98
61 6 0.79
84 29 0.92
54 2 0.75
5 10 0.89
35 29 0.91
30 20 0.83
45 35 0.85
19 37 0.76
85 38 0.92
52 86 0.99
71 47 0.88
63 74 0.82
50 79 0.91
99 56 0.83
18 77 0.92
92 27 0.75
56 18 0.77
18 2 0.75
53 98 0.82
20 12 0.82
1 2 0.93
68 32 0.79
40 39 0.89
49 58 0.78
76 17 0.99
35 8 0.94
61 7 0.76
3 81 0.8
38 49 0.81
40 17 0.9
1 59 0.93
96 43 0.8
13 31 0.83
4 24 0.81
96 79 0.76
92 76 0.88
13 39 0.87
43 16 0.97
