200 400 50 10
22 30
99 82
40 35
95 45
13 39
96 29
15 71
48 26
52 44
21 80
20 2
78 70
29 74
12 57
37 36
59 87
70 59
70 12
20 8
29 51
20 66
100 46
44 5
31 80
44 32
39 98
81 51
62 75
43 96
97 89
51 80
59 98
14 1
79 14
4 26
49 73
73 29
9 67
44 58
91 1
40 11
51 40
67 61
79 9
21 17
8 28
94 61
92 59
5 34
22 87
20 78
35 1
55 89
57 64
1 95
72 42
61 6
12 84
78 81
9 2
12 64
44 39
95 92
54 100
42 93
93 56
91 93
82 74
47 20
23 47
8 85
43 1
69 19
23 41
96 58
50 39
55 55
32 33
8 92
39 58
45 36
51 86
64 14
42 71
40 70
11 84
89 59
15 5
41 6
57 67
26 27
67 65
83 74
13 96
100 100
59 43
16 3
20 30
78 76
49 45
44 51
46 44
85 81
68 8
38 71
29 97
32 71
76 1
98 58
8 45
49 25
68 98
32 86
48 47
49 19
79 58
38 54
41 62
20 50
9 41
62 61
97 44
75 39
35 17
79 3
47 30
55 60
69 3
42 11
14 75
86 91
63 4
18 8
8 22
94 5
69 62
93 89
45 70
99 85
93 47
32 63
67 64
42 21
31 65
63 91
56 38
84 100
17 68
29 33
45 20
97 3
81 21
24 42
20 64
23 6
59 32
0 57
75 80
75 91
100 10
86 9
42 89
88 61
59 49
69 42
7 78
51 79
0 4
96 2
71 77
49 17
93 100
46 0
34 44
89 12
95 40
15 64
21 85
92 20
96 19
40 92
45 13
71 62
58 72
13 52
87 96
73 20
87 72
54 3
65 14
97 5
91 94
70 81
2 54
72 9
46 98
54 72
17 16
24 45
26 51
66 7 0.8
52 41 0.85
31 16 0.91
50 65 0.95
26 28 0.99
29 58 0.79
14 90 0.88
21 40 0.79
59 89 0.81
24 2 0.93
43 32 0.88
60 69 0.91
79 98 0.94
92 60 0.93
79 49 1.0
32 45 0.98
96 72 0.77
53 46 0.76
47 56 0.94
70 41 1.0
30 79 0.93
98 50 0.78
24 25 0.81
0 9 0.94
84 42 0.9
80 99 0.93
94 45 0.96
74 71 0.86
87 86 0.81
38 29 0.76
60 21 1.0
60 27 0.77
34 85 0.97
33 85 0.79
99 12 0.92
59 67 0.82
5 83 0.81
74 20 0.93
27 59 0.89
14 7 0.82
16 68 0.8
76 77 0.9
77 49 0.99
54 67 0.95
16 20 0.97
24 30 0.9
21 87 0.81
70 89 0.77
96 5 0.76
9 26 0.79
94 49 0.96
53 12 0.91
32 13 0.99
28 79 0.85
9 20 1.0
53 92 0.89
57 60 0.81
44 86 0.83
94 38 0.99
62 71 0.78
77 10 0.8
17 92 0.79
26 93 0.95
99 17 0.78
66 47 0.87
93 72 0.75
22 89 0.96
48 9 0.8
77 13 0.91
18 64 0.88
31 31 0.77
74 92 0.79
19 91 0.98
44 73 0.79
39 73 0.9
39 72 0.79
84 28 0.99
90 36 0.87
99 40 0.96
58 96 0.94
74 66 0.9
75 42 0.88
99 91 0.84
68 47 0.75
39 83 0.96
81 44 0.95
72 6 0.79
46 34 0.77
28 58 0.88
11 100 0.77
44 0 0.9
17 6 0.85
78 54 0.87
48 78 0.78
79 21 0.92
44 53 0.79
26 91 1.0
14 41 0.96
50 70 0.83
2 77 0.92
16 46 0.77
13 79 0.75
73 12 0.99
11 1 0.79
90 3 0.93
96 3 0.87
75 33 0.91
15 75 0.94
63 83 0.98
53 82 0.91
100 28 0.99
52 22 0.81
82 71 0.82
11 62 0.83
95 8 0.99
22 47 0.98
38 41 0.81
47 21 0.87
40 71 0.89
100 33 0.87
40 42 0.88
11 43 0.81
35 42 0.99
53 6 0.91
12 48 0.89
3 73 0.92
94 9 0.99
64 67 0.82
21 32 0.8
75 18 0.84
100 70 0.75
55 3 0.75
47 8 0.82
70 87 0.96
20 73 0.88
64 86 0.86
48 87 0.76
69 2 0.91
78 78 1.0
2 55 0.97
1 72 0.9
15 73 0.79
3 8 0.82
47 74 0.85
18 97 0.84
90 65 0.83
70 86 0.8
59 1 0.81
91 70 0.81
40 5 0.87
84 93 0.81
46 45 0.83
59 77 0.83
54 78 0.78
17 87 0.93
18 19 0.89
7 25 0.96
26 72 0.86
51 29 0.93
73 13 0.9
21 77 0.83
54 74 0.87
22 35 0.89
30 83 0.98
7 40 0.9
49 72 0.86
28 82 0.77
29 39 0.84
12 63 0.83
95 98 0.94
93 37 0.89
47 5 0.88
14 83 0.77
51 36 0.77
28 40 0.81
17 80 0.78
47 97 0.96
41 85 0.8
82 30 1.0
96 96 0.9
98 53 0.89
57 65 0.99
21 91 0.87
36 79 0.94
100 54 0.95
3 51 0.79
33 32 0.86
42 77 0.76
85 75 0.94
65 40 0.9
23 99 0.8
30 85 0.92
45 98 0.91
22 90 0.93
8 0 0.92
26 36 0.99
66 43 0.94
34 26 0.83
56 84 0.84
84 32 1.0
30 45 0.89
68 75 1.0
11 35 0.98
46 63 0.86
79 15 0.96
91 17 0.92
94 8 0.99
57 37 0.93
28 97 0.85
27 57 0.77
38 55 0.75
98 15 0.92
41 98 0.9
74 44 0.99
46 95 0.87
22 42 0.75
80 41 0.98
58 6 0.93
78 80 0.93
30 30 0.82
23 20 0.99
85 13 0.75
71 44 1.0
15 76 0.8
97 6 0.94
26 1 0.96
61 87 0.8
14 27 0.81
2 72 0.9
94 16 0.96
27 99 0.75
33 65 0.95
8 66 0.98
36 2 0.87
37 29 0.77
25 47 0.87
12 56 0.89
67 90 0.89
68 48 0.84
32 9 0.95
14 68 0.78
29 48 0.97
63 30 0.99
35 41 0.88
91 14 0.76
9 84 0.77
23 29 0.88
79 81 0.96
55 16 0.79
45 19 0.77
99 64 0.8
81 80 0.87
88 67 0.98
76 91 0.88
22 66 0.82
74 98 1.0
73 26 0.98
72 7 0.83
91 69 0.96
55 54 0.96
90 67 0.8
67 51 0.94
57 39 0.97
14 69 0.81
16 13 0.81
73 16 0.88
60 7 0.94
39 23 0.76
19 29 0.78
73 17 0.87
73 32 0.87
64 25 0.96
6 4 0.92
59 63 0.83
58 18 0.88
71 66 0.87
79 44 0.85
56 77 0.93
97 17 0.8
98 29 0.97
39 49 1.0
2 42 0.99
48 71 0.98
60 88 0.8
85 21 0.77
12 14 0.77
61 26 0.9
90 53 0.98
66 8 0.81
24 99 0.99
71 87 0.83
26 49 0.97
75 95 0.86
1 98 0.92
79 51 0.96
88 4 0.85
69 78 0.97
20 70 0.77
20 29 0.94
90 62 0.91
33 22 0.82
10 6 0.98
46 38 0.8
100 43 0.83
42 49 0.78
15 48 1.0
73 1 0.88
91 86 0.93
22 64 0.88
43 34 0.79
80 61 0.82
53 7 0.96
37 71 0.78
44 93 0.9
31 75 1.0
22 36 0.88
33 70 0.97
93 98 0.8
53 13 0.9
8 83 1.0
59 85 0.79
49 95 0.94
79 63 0.84
75 16 0.9
3 62 0.95
96 61 0.99
37 92 0.94
77 99 0.83
55 14 0.89
80 56 0.84
72 88 0.96
15 18 0.76
97 45 0.92
78 44 0.99
77 27 1.0
29 94 0.86
77 19 0.95
13 36 0.91
78 41 0.89
75 69 0.76
36 64 0.87
87 87 0.75
89 89 0.89
83 51 0.84
91 72 0.77
53 80 0.89
60 79 0.79
7 83 1.0
77 35 0.81
38 28 0.79
18 22 0.87
9 4 0.86
30 97 0.9
72 77 0.95
55 78 0.76
10 14 1.0
14 37 0.9
67 75 0.86
100 94 0.76
43 31 0.78
32 47 0.89
93 23 0.9
44 55 0.79
70 53 0.82
76 2 0.99
75 38 0.84
92 2 0.87
62 28 0.95
36 54 0.85
86 18 0.99
54 11 0.89
88 47 0.77
43 28 0.8
93 9 0.91
48 53 0.95
30 87 0.89
33 5 0.82
72 50 0.89
21 2 0.96
71 90 0.77
44 89 0.95
19 38 0.85
76 19 0.97
61 15 0.83
44 33 0.78
43 42 0.97
76 42 0.86
96 6 0.94
72 74 0.8
85 95 0.85
71 39 0.8
44 21 0.99
66 91 0.87
61 12 0.84
40 59 0.75
9 39 0.94
7 12 0.9
65 59 0.99
20 39 0.84
7 51 0.75
