200 400 100 10
4 42
13 49
62 97
69 13
4 69
29 20
86 17
77 42
15 58
24 55
99 5
20 91
1 88
71 30
100 17
90 15
64 88
90 32
42 93
56 13
92 10
43 65
43 87
78 66
32 62
59 45
48 40
72 61
54 31
48 70
79 55
98 29
57 74
29 48
54 91
7 21
34 96
48 26
54 13
73 99
61 98
63 7
7 63
77 77
69 79
82 98
27 38
56 62
100 21
87 17
1 60
73 53
80 75
38 87
49 8
40 14
99 20
56 41
96 91
50 69
20 5
0 39
95 87
31 9
2 0
31 63
27 59
34 19
39 48
26 19
12 0
49 5
29 9
78 75
16 29
6 0
4 5
82 86
60 35
25 73
68 84
67 27
67 78
5 16
5 35
81 1
29 43
99 66
15 82
3 43
79 42
16 7
98 42
19 5
55 39
72 78
16 81
99 77
61 15
74 16
44 81
82 44
21 23
89 8
43 42
81 60
1 44
66 13
15 66
30 56
91 76
54 27
49 17
51 85
4 18
31 20
49 67
8 38
7 86
97 87
75 58
92 64
100 1
92 12
1 13
13 73
50 17
4 54
58 42
54 6
80 7
72 100
73 4
46 43
13 58
63 83
40 47
66 71
26 7
2 47
57 40
28 79
33 87
83 19
37 22
81 16
93 83
95 97
92 100
60 94
57 33
40 34
87 96
34 44
19 70
47 89
50 77
4 16
22 33
41 66
58 69
37 36
5 39
42 71
79 8
8 99
77 71
51 67
69 92
51 9
95 42
70 48
18 91
38 6
86 74
72 54
79 31
13 22
91 94
91 2
43 43
1 49
23 2
18 71
52 18
56 52
39 73
33 57
78 72
88 44
67 41
73 14
12 32
74 17
51 11
21 59
70 61
99 88
88 34
27 57
18 3 0.8
25 18 1.0
66 73 0.86
69 73 0.99
31 48 0.9
4 64 0.92
73 20 0.86
7 90 0.85
31 99 0.91
51 94 0.87
46 75 0.81
87 52 0.98
1 54 0.93
14 83 0.87
54 56 0.84
31 0 0.96
49 89 0.9
54 17 0.85
39 63 0.77
11 57 0.9
83 58 0.94
88 26 0.88
17 79 0.86
15 1 0.78
61 16 0.82
73 75 0.84
99 22 0.86
41 59 0.83
34 49 0.95
21 78 0.85
98 17 0.79
20 28 0.98
2 27 0.86
11 70 0.98
61 84 0.92
66 57 0.92
91 42 0.85
80 51 0.99
14 6 0.95
40 18 0.88
46 33 0.87
88 79 0.96
79 78 0.78
22 49 0.85
48 55 0.84
84 18 0.78
45 6 0.95
97 78 0.96
94 37 0.78
96 2 0.92
39 96 0.77
42 56 0.85
81 5 0.81
88 22 0.84
82 63 0.77
34 68 0.79
26 50 0.84
16 75 0.86
20 29 0.86
76 45 0.77
46 90 0.98
88 13 0.97
4 44 0.75
43 89 0.96
71 56 0.88
52 49 0.86
31 89 0.92
82 16 0.76
93 25 0.95
75 75 0.81
43 69 0.83
58 90 0.76
41 87 0.91
74 100 0.96
84 64 0.85
53 70 0.78
32 44 0.83
82 57 0.84
11 82 0.98
39 76 0.94
57 80 0.77
2 14 0.98
52 77 0.91
75 17 0.89
21 58 0.83
67 3 0.87
34 91 0.75
23 78 0.81
6 30 0.94
12 24 0.96
53 91 0.99
31 25 0.81
25 44 0.92
97 58 0.78
23 42 0.79
47 35 0.82
45 45 0.75
38 15 0.87
78 85 0.78
34 80 0.91
53 25 0.97
1 6 0.95
24 38 0.92
1 87 0.82
64 78 0.8
55 10 0.98
95 33 0.81
87 39 0.78
30 19 0.96
63 67 0.99
70 19 0.78
38 94 0.82
68 59 0.77
8 15 0.85
76 12 0.96
41 98 0.99
8 67 0.82
26 62 0.98
53 84 0.81
20 20 0.89
51 93 0.79
33 63 0.98
5 82 0.94
14 89 0.75
62 95 0.82
50 94 0.83
17 42 0.88
87 21 0.92
39 71 0.97
75 44 0.78
25 55 0.98
29 17 0.99
9 60 0.99
90 11 0.78
1 27 0.88
88 42 1.0
73 35 0.83
89 45 0.94
91 73 0.77
75 33 0.79
12 80 0.87
69 55 0.98
40 35 0.84
35 66 0.89
25 66 1.0
7 80 1.0
35 80 0.77
17 99 0.99
47 16 0.89
42 44 0.87
45 78 0.81
1 14 0.93
71 24 0.75
92 70 0.86
43 100 0.79
57 30 0.78
10 38 0.99
41 49 0.76
4 72 0.85
52 37 0.84
31 32 0.92
23 93 0.87
38 22 0.92
45 9 0.78
48 8 1.0
97 65 1.0
41 20 0.75
88 92 0.86
50 95 0.76
73 49 0.92
85 72 0.8
18 10 0.84
70 65 0.91
73 80 0.93
11 4 0.92
53 14 0.88
94 91 0.99
31 65 0.76
52 86 0.84
58 97 0.96
45 89 0.92
29 39 0.91
29 80 0.8
45 75 1.0
34 32 0.77
19 59 0.94
16 57 0.98
76 34 0.96
95 88 0.99
12 12 0.75
74 35 0.78
23 83 0.78
51 58 0.75
98 38 0.76
40 6 0.89
25 54 0.76
33 39 0.92
70 13 0.91
45 80 0.88
0 24 0.82
53 9 0.99
20 65 0.79
88 39 0.89
42 92 0.97
49 60 0.75
62 64 0.79
25 56 0.84
35 8 0.98
27 36 0.95
38 14 0.77
93 95 0.88
74 19 0.92
94 87 1.0
22 23 0.82
49 40 0.97
81 70 0.8
99 50 0.85
85 53 0.88
10 46 0.83
13 16 0.92
0 65 0.97
87 23 0.91
41 11 0.78
82 76 0.82
58 3 0.86
52 60 0.85
93 2 1.0
100 96 0.97
8 45 0.94
54 46 0.82
66 61 0.91
40 15 0.88
8 28 0.96
88 69 0.86
44 2 0.92
75 3 0.95
68 99 0.84
5 91 0.87
19 4 0.87
50 55 0.9
91 93 0.93
77 54 0.95
2 71 0.79
100 41 0.79
32 50 0.92
9 33 0.84
37 48 0.85
19 55 0.83
20 31 0.75
50 46 0.82
31 84 0.79
14 33 0.95
17 9 0.84
84 77 0.83
61 72 0.96
74 40 0.8
82 85 0.92
56 86 0.97
74 82 0.82
26 15 0.76
9 94 0.91
22 39 0.93
96 67 0.89
94 34 0.95
8 1 0.82
11 84 0.86
68 58 0.88
37 18 0.9
100 35 0.78
88 68 0.77
3 44 0.81
88 58 0.81
25 84 0.82
88 93 0.97
26 11 0.83
68 14 0.83
31 29 0.84
36 9 0.9
5 99 0.77
67 31 0.79
29 49 0.94
21 63 0.94
31 39 0.97
68 67 0.9
24 70 0.99
50 96 0.99
54 8 0.95
44 94 0.83
84 76 0.88
49 94 0.79
89 93 0.82
98 13 0.87
73 30 0.76
23 7 0.88
78 38 0.75
30 86 0.85
99 82 0.93
65 20 0.79
98 47 0.85
59 55 0.84
40 2 0.92
18 15 0.86
18 47 0.94
38 68 0.96
6 63 0.98
64 81 0.95
17 73 0.95
60 63 0.87
72 81 0.87
19 23 0.96
66 58 0.85
64 49 0.91
1 85 0.92
99 21 0.87
65 0 0.78
0 55 0.78
37 10 0.98
77 59 0.77
13 70 0.78
12 51 0.81
92 26 0.99
23 86 0.77
44 61 0.8
6 35 0.79
23 75 0.77
86 36 0.75
23 71 0.84
16 58 0.94
18 61 0.77
41 75 0.99
89 11 0.86
10 98 0.81
98 91 0.9
83 66 0.88
49 93 0.91
6 64 0.85
15 94 1.0
27 64 0.93
3 47 0.94
22 44 0.9
59 5 0.97
27 11 0.94
23 30 0.94
32 30 0.77
40 61 0.99
71 5 0.82
92 50 0.8
91 89 0.87
42 82 0.89
74 20 0.8
13 34 0.82
78 6 0.99
66 53 0.88
46 18 0.81
97 100 0.75
56 4 0.76
95 99 0.91
42 62 0.84
75 14 0.85
93 31 0.97
12 60 0.94
80 49 0.94
100 49 0.85
39 14 0.9
96 50 0.82
29 50 0.83
72 59 0.85
36 4 0.97
83 84 0.98
52 83 0.75
55 55 0.84
93 56 0.98
40 31 0.76
8 77 0.78
3 23 0.97
45 35 0.89
30 8 0.97
42 67 0.75
32 86 0.82
26 35 1.0
63 63 0.81
31 58 0.98
3 61 0.97
57 21 0.79
43 61 0.81
99 13 0.75
40 89 0.91
79 92 0.86
24 4 0.75
94 17 0.82
13 8 0.75
88 43 0.98
8 53 0.82
50 25 0.82
8 35 0.86
4 79 0.9
97 93 0.97
26 13 0.88
54 43 0.91
89 66 1.0
