200 400 20 10
67 69
50 25
6 24
89 5
76 26
2 41
63 17
5 27
17 52
87 58
94 74
46 71
76 45
19 72
63 76
26 17
6 50
55 99
65 87
58 66
38 47
23 84
18 91
36 27
64 29
62 39
75 19
9 20
67 22
52 49
85 84
18 82
71 56
82 87
25 5
78 83
18 90
21 7
7 13
88 79
78 70
31 80
18 5
22 40
92 81
59 64
89 97
72 26
89 94
3 73
68 7
96 94
1 41
66 54
33 98
38 60
83 85
78 77
44 39
56 91
25 41
71 0
93 74
67 4
93 82
1 18
78 34
35 66
22 57
3 86
12 70
42 66
39 70
93 75
30 20
17 48
94 67
74 18
11 51
20 66
69 99
45 64
58 76
14 62
34 25
28 35
34 44
38 49
77 9
29 95
71 3
43 6
32 15
0 22
72 90
13 69
32 57
76 73
68 98
24 16
49 63
100 23
91 3
66 69
14 48
2 49
5 12
68 68
29 63
17 33
82 88
86 31
15 94
10 21
75 11
8 4
30 15
97 54
1 4
26 44
82 33
78 88
23 2
22 84
0 55
77 42
54 98
72 64
46 26
11 45
28 33
46 89
60 76
14 5
0 7
10 85
33 42
6 2
10 94
82 72
5 84
5 41
68 53
7 74
23 19
84 24
8 81
96 7
59 18
70 40
97 2
27 29
4 36
81 9
24 12
9 29
2 20
99 44
55 51
86 84
98 99
32 48
44 93
13 35
6 72
47 3
23 86
57 44
10 57
74 13
86 57
26 67
17 75
81 83
90 78
92 3
80 48
97 72
70 10
57 61
36 92
82 42
57 10
31 87
59 15
57 14
90 53
58 24
64 13
61 62
12 94
17 44
23 90
26 24
28 37
77 56
33 60
83 56
88 46
1 33
57 40 0.8
77 59 0.95
30 45 0.84
79 49 0.86
42 6 0.9
19 61 0.99
90 49 0.91
51 16 1.0
34 58 0.93
66 25 0.82
74 35 0.81
7 40 0.75
50 86 0.84
77 94 0.89
65 85 0.85
93 10 0.96
4 79 0.98
21 61 0.94
81 99 0.76
57 71 0.99
67 65 0.92
66 51 0.86
44 3 0.9
69 25 0.82
65 34 1.0
49 71 0.84
12 37 0.88
93 80 0.92
61 84 0.8
27 6 0.9
92 86 0.98
88 76 0.96
28 52 0.95
43 9 0.91
27 32 0.76
51 56 0.89
10 98 0.8
94 79 0.75
8 37 0.82
86 100 0.8
57 84 0.75
29 55 0.9
14 14 0.87
80 68 0.99
51 23 0.99
69 23 0.92
51 85 1.0
71 64 0.97
13 41 0.91
74 72 0.89
36 46 0.81
94 80 0.86
22 65 0.83
42 3 0.76
46 56 0.76
75 65 0.81
35 7 0.77
84 16 0.96
42 54 0.82
92 35 0.86
86 69 0.78
90 28 0.96
99 65 0.99
90 52 0.8
41 22 0.98
64 74 0.81
8 12 0.77
29 15 0.98
91 24 0.78
88 91 0.78
73 28 0.91
98 88 1.0
21 59 0.82
76 80 0.76
5 38 0.76
78 58 0.8
51 100 0.96
26 16 0.75
94 55 0.93
21 48 0.83
99 70 1.0
89 92 0.98
28 59 0.77
85 97 0.85
24 85 0.99
35 99 0.86
72 23 0.95
38 63 0.93
89 48 0.85
62 13 0.96
83 48 0.8
24 8 0.94
70 55 0.88
30 72 0.93
85 48 0.97
53 27 0.86
16 99 0.81
34 65 1.0
65 64 0.95
57 97 0.82
12 93 0.97
23 30 0.83
44 66 0.92
27 31 0.87
44 94 0.75
94 30 0.97
76 34 0.79
66 74 0.94
93 92 0.92
99 78 0.82
49 33 0.97
59 38 0.82
26 13 0.77
64 82 0.99
97 33 0.84
46 10 0.75
24 89 0.83
16 32 0.88
53 99 0.97
99 13 0.76
29 20 0.9
86 33 0.8
56 40 0.94
60 30 0.8
31 90 0.91
74 77 0.97
64 50 1.0
83 21 0.84
55 30 0.88
46 28 0.94
97 100 0.95
20 65 0.88
69 7 0.8
48 79 0.92
38 28 0.87
40 47 0.95
9 63 0.79
91 62 0.86
15 53 0.96
69 34 0.82
30 74 0.83
27 62 0.93
69 6 0.84
20 6 0.82
52 56 0.86
31 53 0.86
8 21 0.79
65 94 0.77
90 50 0.84
67 50 0.88
75 2 0.89
59 8 0.82
26 6 0.8
39 24 0.91
92 64 0.75
78 98 0.87
41 37 0.84
57 26 0.82
93 65 0.79
30 27 0.89
31 85 0.96
34 17 0.85
81 34 0.75
18 32 0.89
53 12 0.84
17 68 0.97
75 5 0.95
14 27 0.98
41 51 0.94
30 53 0.99
41 92 0.75
5 42 0.79
96 11 0.78
36 0 0.86
11 72 0.9
16 90 0.94
69 37 0.89
61 74 0.8
33 96 0.76
30 79 0.89
78 100 0.98
37 2 1.0
88 78 0.99
62 69 0.94
20 55 0.96
69 96 0.84
58 14 0.88
96 77 0.82
100 80 0.89
26 3 0.79
55 62 0.78
18 25 0.88
84 54 0.77
31 92 0.88
97 46 0.96
49 46 0.86
13 71 0.9
23 81 0.93
39 71 0.81
100 90 0.96
78 13 0.78
60 37 1.0
4 5 0.8
76 31 0.9
94 43 0.85
39 96 0.81
30 22 1.0
54 93 0.76
47 49 0.9
14 10 0.93
36 58 0.95
57 32 0.95
43 31 0.9
36 90 0.76
68 30 0.92
84 35 0.84
95 97 0.98
99 93 0.83
74 85 0.94
91 48 0.79
8 28 0.91
90 86 0.92
75 70 0.76
75 40 0.77
28 57 0.96
94 63 0.88
0 32 0.8
64 39 0.77
84 61 0.9
63 83 0.88
87 63 0.9
52 31 0.97
48 72 0.95
70 21 0.98
34 93 0.81
88 14 0.79
46 81 0.93
20 61 0.98
37 78 0.98
9 49 0.99
23 7 0.91
54 79 0.83
47 87 0.81
83 68 0.99
14 70 0.77
72 30 0.76
35 59 0.78
2 57 0.84
15 95 0.88
46 25 0.92
80 81 0.99
90 82 0.9
26 97 0.98
89 34 0.95
88 8 0.98
5 86 0.9
85 41 0.99
85 51 0.85
49 81 0.95
56 51 1.0
93 100 0.84
86 86 0.77
9 44 0.88
77 39 0.9
96 56 0.96
11 73 0.91
25 81 0.84
40 15 0.77
1 69 0.84
41 63 0.9
47 85 0.75
67 32 0.82
94 18 0.9
3 29 0.91
64 36 0.88
96 66 0.78
46 11 1.0
15 49 0.79
8 93 0.91
61 3 0.96
88 52 0.98
7 4 0.91
41 76 1.0
39 89 0.87
15 13 0.93
21 63 0.89
23 5 0.75
86 80 0.83
57 53 0.79
50 55 0.93
98 9 0.76
69 71 0.79
74 48 0.93
15 80 0.94
28 48 0.8
100 73 1.0
35 77 0.96
31 97 0.75
81 67 0.92
33 37 0.86
52 85 0.81
54 52 0.9
43 93 0.8
53 46 0.94
18 30 0.93
32 54 0.77
54 34 0.93
72 57 0.98
69 18 0.77
54 96 0.96
28 79 0.82
50 91 0.82
50 90 1.0
60 32 0.9
18 57 0.92
58 38 0.82
12 95 0.78
5 71 0.79
17 85 0.89
78 16 0.93
73 39 0.76
50 48 0.77
38 37 0.82
33 92 0.9
39 64 0.87
99 15 0.83
89 58 0.77
18 81 0.9
22 54 0.8
42 1 0.88
68 73 0.95
84 41 0.75
18 47 0.93
87 71 0.93
84 13 0.9
63 19 0.79
3 25 0.79
35 58 0.97
83 46 0.79
81 11 0.8
67 45 0.82
76 67 0.93
96 29 0.88
87 30 0.9
35 60 0.86
56 66 0.94
94 48 0.77
65 17 0.86
65 1 0.77
97 22 0.76
95 73 0.75
51 92 0.88
65 98 0.85
78 73 0.91
89 15 0.93
33 15 0.96
3 42 0.85
18 96 0.79
4 45 0.86
21 47 0.75
8 65 0.81
65 7 0.79
47 70 0.76
38 23 0.77
65 47 0.87
38 11 0.88
98 50 0.98
33 89 0.87
84 23 0.94
35 83 0.76
86 39 0.92
87 92 0.99
86 92 0.97
4 10 0.98
50 61 1.0
9 76 0.8
13 90 0.9
46 34 0.94
26 81 0.78
52 65 0.91
95 70 0.78
26 4 0.86
27 49 0.87
16 77 0.98
94 75 0.86
93 81 0.85
48 9 0.93
96 18 0.99
68 96 0.89
1 52 0.83
53 31 0.89
62 45 0.8
81 14 0.95
35 21 0.83
69 14 0.96
39 91 0.91
11 100 0.87
11 24 0.92
73 17 0.88
71 30 0.86
