200 400 50 10
5 0
50 70
18 17
84 75
32 52
14 54
5 61
41 26
64 5
63 16
8 63
50 84
61 81
60 49
26 57
84 0
6 88
18 43
54 39
76 59
83 19
27 60
60 25
64 3
53 82
52 76
47 79
28 27
46 28
46 95
65 46
18 36
71 25
38 45
20 23
13 10
62 41
67 46
33 79
19 6
55 36
6 69
33 62
65 22
75 0
22 84
62 27
60 92
85 98
3 2
88 35
6 65
80 18
42 55
33 43
28 86
74 86
53 3
27 56
17 14
43 75
76 67
87 70
47 42
15 91
76 26
76 91
73 73
91 52
73 67
22 91
25 99
92 53
30 40
78 75
80 83
80 24
83 11
49 41
68 20
59 43
10 34
5 6
97 7
94 0
29 39
22 43
59 13
81 46
47 11
21 59
5 98
6 33
68 66
51 42
62 85
93 31
65 86
62 79
75 11
58 46
34 5
18 35
58 93
76 79
1 50
7 74
36 86
43 48
58 14
55 19
74 31
88 50
94 87
42 20
24 27
96 89
67 35
99 14
86 45
77 37
70 39
37 77
75 2
58 81
21 21
81 74
25 30
85 93
17 3
88 56
13 20
53 55
5 38
56 28
28 52
35 53
11 78
83 3
79 79
68 76
58 99
45 69
0 30
30 38
3 51
18 69
21 86
12 49
56 15
83 99
22 48
10 51
89 69
63 74
49 10
82 15
27 22
68 60
62 14
37 7
10 82
26 0
66 37
68 57
49 78
54 88
48 36
99 83
1 57
40 98
71 28
24 41
83 53
41 65
48 77
69 98
84 8
56 54
34 61
54 4
35 31
95 4
92 99
21 54
13 47
25 70
48 30
2 55
67 48
76 23
77 46
9 29
52 32
31 48
23 68
18 48
31 32
28 3
39 48
20 7 0.9
45 30 0.82
44 81 0.98
81 17 0.91
8 33 0.99
58 69 0.87
4 49 0.96
9 94 0.97
31 25 0.96
37 75 0.92
100 96 0.98
54 67 0.75
84 9 0.99
15 16 0.92
32 93 0.88
57 25 0.94
73 99 0.96
70 77 0.77
46 91 0.9
60 95 0.75
40 88 0.88
28 84 0.77
22 69 0.88
92 52 0.8
29 11 0.78
90 99 0.83
38 69 0.76
28 49 0.97
94 67 0.99
94 99 0.98
70 53 0.79
89 12 0.99
0 60 0.88
51 39 0.95
31 66 0.97
43 0 0.86
96 19 0.93
64 6 0.83
98 44 0.98
100 7 0.96
74 92 0.83
54 9 0.98
14 98 0.77
76 69 0.76
48 49 0.97
27 40 0.79
3 71 0.9
38 93 0.87
46 52 0.78
46 17 0.89
84 99 0.98
58 39 0.77
74 68 0.95
45 61 0.99
36 58 0.76
42 33 0.8
30 94 0.76
40 17 0.77
64 39 0.75
96 16 0.79
95 82 0.97
8 59 0.85
61 41 0.89
53 50 0.84
77 3 0.92
84 13 0.96
94 68 0.97
24 63 0.88
26 51 0.92
36 59 0.8
65 29 0.88
25 62 0.89
37 8 0.83
54 75 0.95
97 29 0.8
88 71 0.94
66 98 0.8
65 62 0.84
55 14 0.77
23 12 0.87
0 64 0.95
7 76 0.98
33 11 0.81
45 32 0.86
2 21 0.93
95 80 0.86
32 36 0.99
2 9 0.85
96 37 0.94
59 27 0.75
10 77 0.75
85 24 0.97
54 99 0.85
46 25 0.98
50 3 0.75
27 39 0.94
50 5 0.91
35 10 0.81
76 100 0.94
35 24 0.88
58 20 0.8
44 73 0.79
78 32 0.78
8 31 0.79
53 72 0.78
29 17 0.83
28 30 0.96
50 59 0.88
44 12 0.89
35 100 0.79
17 56 0.75
39 57 0.76
34 98 1.0
60 93 0.8
39 92 0.92
32 89 0.86
38 38 0.83
86 70 0.79
14 11 0.97
55 57 0.97
1 62 0.75
0 49 0.99
29 92 0.98
53 56 0.86
16 4 0.83
47 29 0.86
75 92 0.93
88 26 0.89
58 27 0.78
5 46 0.9
31 69 0.85
34 46 0.75
68 64 0.87
96 34 0.87
6 19 0.78
34 39 0.83
38 96 0.8
43 100 0.99
10 42 0.8
20 34 0.75
64 23 0.76
28 65 0.97
5 5 0.93
51 3 0.76
4 84 0.94
44 66 0.93
79 49 0.94
78 82 0.77
55 35 0.82
26 91 0.82
4 41 0.92
14 6 0.77
49 50 0.83
16 37 0.83
95 49 0.85
97 95 0.96
2 2 0.85
79 11 0.94
88 78 0.86
70 43 1.0
41 36 0.78
72 62 0.99
60 27 0.99
80 96 0.92
68 24 0.99
85 17 0.95
55 6 0.92
100 52 0.88
75 30 0.95
94 76 0.87
3 12 0.75
57 33 0.99
7 58 0.99
44 74 0.9
72 0 0.83
18 42 0.75
32 4 0.8
69 27 1.0
14 7 0.9
20 68 0.75
41 92 0.97
1 81 0.88
36 48 0.96
44 20 0.81
9 60 0.94
100 0 0.95
2 99 0.83
5 20 0.83
41 55 0.91
76 98 0.91
77 75 0.94
69 44 0.98
76 51 0.84
74 46 0.93
0 14 0.84
94 40 0.86
64 65 0.99
58 40 0.9
10 83 0.95
16 90 0.99
57 17 0.93
54 54 1.0
79 92 0.76
71 6 0.97
69 9 0.83
94 84 0.87
38 89 0.94
27 15 0.85
92 7 0.97
57 55 0.92
35 6 0.98
55 86 0.96
37 61 0.89
54 98 0.99
85 9 0.87
91 69 0.78
39 72 0.85
70 42 0.91
75 73 0.78
63 79 0.98
39 16 0.91
27 18 0.93
97 32 0.89
66 29 0.83
44 59 0.82
39 76 0.92
55 93 0.97
41 67 0.86
25 97 0.84
59 5 0.76
44 100 0.98
15 99 1.0
47 53 0.84
52 56 0.95
81 61 0.88
19 47 0.81
4 79 0.85
64 66 0.85
81 78 1.0
82 71 0.85
15 8 0.97
31 47 0.83
81 70 0.9
53 30 0.78
40 25 0.9
33 74 0.86
45 60 0.95
45 47 0.84
48 71 0.78
19 32 0.94
82 70 0.82
90 32 0.91
85 44 0.82
84 23 0.79
93 25 0.86
53 6 0.88
17 57 0.84
17 0 0.97
26 31 0.84
12 68 0.79
79 18 0.88
14 43 0.8
62 35 0.75
84 77 0.86
86 75 0.75
36 70 0.95
64 7 0.9
18 63 0.85
78 25 0.79
32 40 0.84
25 52 0.8
11 16 0.93
20 27 0.88
86 83 0.92
38 14 0.77
76 83 0.8
6 81 0.76
43 53 0.77
76 20 0.96
43 98 0.92
19 73 0.76
8 77 0.95
12 91 0.91
69 16 0.77
15 87 0.93
9 54 0.91
83 89 0.92
63 15 0.97
26 34 0.82
91 88 0.96
72 5 0.95
37 1 0.92
99 28 0.79
39 50 0.95
23 49 0.77
83 82 0.8
97 86 0.77
64 87 0.98
76 2 0.86
37 74 0.75
35 35 0.8
75 35 0.87
62 44 1.0
64 67 0.97
36 7 0.77
40 24 0.98
56 63 0.77
67 32 0.97
52 14 0.99
72 33 0.96
76 32 0.96
28 8 0.9
11 56 0.8
42 52 0.97
10 1 0.92
59 82 0.94
96 18 0.92
91 24 0.97
4 21 0.86
67 91 0.85
84 62 0.93
79 46 0.82
45 85 0.83
21 7 0.95
78 2 0.79
15 94 0.99
1 7 0.86
21 38 0.8
25 67 0.77
95 51 0.97
42 94 0.92
28 50 0.96
90 29 0.88
75 16 1.0
57 67 0.78
11 7 0.9
27 97 1.0
100 6 0.87
17 38 0.89
78 50 0.86
70 44 0.95
21 43 0.77
33 26 0.78
42 41 0.91
77 45 0.96
93 72 0.77
8 74 0.76
80 12 0.79
64 20 0.99
65 100 0.79
7 72 1.0
88 88 1.0
14 10 0.99
50 72 0.94
93 20 0.83
1 16 0.77
1 61 0.82
2 22 1.0
90 77 0.9
12 44 0.87
65 52 0.97
20 0 0.83
57 93 0.95
4 73 0.98
31 98 0.94
89 46 0.99
69 96 0.8
23 98 0.85
5 51 0.98
11 52 0.89
20 35 0.97
53 27 0.94
9 69 0.99
70 65 0.93
39 41 0.99
7 46 0.99
58 37 0.8
45 29 0.77
25 58 0.88
70 55 0.93
46 88 0.86
84 61 0.75
45 48 0.76
16 69 0.82
41 71 0.92
59 45 0.87
87 54 0.8
38 76 0.81
33 13 0.97
48 76 0.95
77 12 0.75
41 31 0.76
91 32 0.91
7 50 0.76
48 38 0.97
45 77 0.84
26 25 0.91
31 22 0.95
28 2 0.94
15 53 1.0
