200 400 50 10
0 14
60 44
44 29
64 36
63 66
7 13
21 95
66 28
40 70
50 61
28 100
34 66
3 31
60 100
64 73
78 15
9 77
36 100
91 81
4 34
40 35
99 6
16 21
3 51
97 54
65 79
63 6
46 65
58 56
22 31
27 22
88 18
61 29
1 34
12 36
25 63
82 19
69 3
23 74
7 54
93 3
27 73
33 50
18 78
60 83
28 43
97 79
16 89
74 62
8 77
47 12
13 9
49 55
83 90
7 92
28 48
26 96
94 31
59 68
2 8
12 13
29 2
21 3
68 47
91 57
55 17
47 88
8 74
69 60
77 38
86 94
44 69
29 53
26 90
95 92
83 6
91 51
67 79
26 15
2 19
67 25
6 93
24 28
45 38
17 88
91 7
0 95
35 77
37 22
7 37
91 43
61 99
8 63
46 85
57 28
92 2
50 73
2 91
8 92
87 17
12 73
53 40
23 82
71 83
97 7
91 76
55 48
90 73
22 50
81 71
68 93
8 49
27 47
24 11
83 11
59 27
26 98
80 28
85 4
68 13
96 84
40 30
59 94
55 34
81 9
88 7
85 82
96 55
45 40
32 77
21 0
21 73
81 41
92 91
80 9
15 33
50 57
10 80
85 89
86 14
35 95
22 65
60 84
82 44
45 43
36 16
15 25
61 95
56 92
87 21
6 50
83 45
58 90
55 74
81 1
36 5
60 20
11 15
59 2
83 7
72 65
73 29
77 14
89 67
35 31
34 1
79 94
8 48
52 81
63 43
22 70
33 7
23 14
86 45
50 36
71 95
73 93
95 30
36 4
98 90
24 37
78 23
17 51
62 18
16 33
40 67
2 49
12 58
59 91
44 37
2 95
97 23
23 33
22 69
100 79
24 61
76 79
34 92
48 55
47 62
34 87 0.95
0 61 0.99
100 4 0.97
89 42 0.91
31 100 0.89
57 79 0.89
18 88 0.97
70 52 0.95
92 26 0.92
44 6 0.76
36 9 0.94
46 84 0.79
83 86 0.86
42 50 0.9
63 80 0.76
1 77 0.79
32 95 0.75
46 34 0.9
81 54 0.82
4 56 0.79
61 31 0.86
25 5 0.89
42 73 0.97
73 66 1.0
66 82 0.93
67 69 0.79
92 50 0.84
66 34 0.77
94 9 0.88
49 3 0.94
2 79 0.79
61 2 0.97
77 65 0.88
97 38 0.78
30 1 0.76
75 72 0.78
2 64 0.88
78 80 0.96
79 47 0.98
61 74 0.95
24 27 0.96
99 46 0.75
66 4 0.86
70 39 0.88
53 78 1.0
77 100 0.99
52 66 0.98
29 15 0.84
23 1 0.83
35 19 0.86
27 16 0.93
49 78 0.92
53 62 0.96
31 63 0.92
11 43 0.95
94 89 0.98
38 6 0.87
56 59 0.98
90 48 0.8
37 80 0.98
86 12 0.95
38 63 0.81
40 51 0.8
24 78 0.85
68 73 0.83
95 81 1.0
22 40 0.92
23 83 0.94
20 36 0.98
43 84 0.88
58 60 0.76
56 31 0.87
79 64 0.84
38 70 0.75
95 10 0.85
55 63 0.79
44 83 0.97
64 99 0.89
36 11 0.78
9 29 0.86
6 58 0.87
9 57 0.86
55 75 0.8
90 9 0.94
55 43 0.88
90 90 0.8
8 34 0.77
8 79 0.88
69 11 0.76
42 48 0.85
53 22 0.9
95 66 0.87
93 96 0.94
71 73 0.76
98 44 1.0
64 88 0.8
79 41 0.88
7 44 0.84
38 84 0.97
80 4 0.77
0 32 0.83
90 44 0.77
25 23 0.95
2 25 0.83
14 68 0.93
77 26 0.95
94 53 0.77
48 0 0.93
65 65 0.93
68 97 0.84
27 46 0.83
12 17 0.89
6 82 0.85
28 68 0.77
0 10 0.89
44 92 0.77
37 93 0.75
90 7 0.93
43 94 0.75
31 45 0.98
2 21 0.89
69 53 1.0
44 71 0.92
5 71 0.75
90 91 0.98
74 32 0.95
17 49 0.94
100 88 0.78
9 90 0.94
35 82 0.79
86 16 0.87
22 25 0.8
79 39 1.0
78 65 0.98
73 54 0.79
81 99 0.83
33 5 0.87
76 78 0.91
37 29 0.88
52 44 0.94
55 82 0.93
42 84 0.88
57 43 0.89
89 21 0.89
2 38 0.93
43 56 0.98
5 79 0.92
26 81 0.84
15 87 0.81
80 37 0.96
72 42 0.8
82 6 0.95
56 9 0.97
70 69 0.89
17 47 0.88
46 63 0.99
91 93 0.97
78 72 1.0
35 80 0.81
71 74 0.86
34 14 0.86
26 79 0.76
77 21 0.98
51 48 0.85
40 56 0.84
0 86 0.76
11 57 0.82
25 74 0.9
70 24 0.95
13 15 0.88
14 6 0.82
93 74 0.83
95 21 0.86
12 20 0.82
74 75 0.79
32 12 0.95
45 1 0.89
28 27 0.9
40 85 0.9
32 57 0.81
48 84 0.84
58 77 0.82
60 48 0.87
95 82 0.84
71 51 0.88
13 41 0.82
16 72 1.0
67 12 0.88
21 82 0.81
1 56 0.8
87 11 0.92
14 37 0.86
17 78 0.92
13 99 0.88
98 60 0.89
65 18 0.76
63 34 0.88
47 14 0.76
3 40 0.88
49 60 0.88
47 99 0.76
67 28 1.0
58 85 0.98
92 28 0.86
92 46 0.84
9 36 0.82
85 2 0.97
98 77 0.92
26 73 0.99
52 45 0.96
68 90 0.91
87 43 0.78
52 60 0.88
30 64 0.81
47 73 0.75
18 1 0.76
38 57 0.76
46 22 0.86
11 82 0.79
73 47 0.78
40 23 0.88
26 35 0.98
38 82 0.88
0 42 0.82
73 23 0.78
24 84 0.96
47 89 0.96
98 45 0.85
43 57 0.83
12 37 0.99
59 24 0.89
52 42 0.79
47 53 0.82
11 92 0.95
21 77 0.82
53 48 0.99
93 38 1.0
96 51 0.99
88 99 0.8
18 45 1.0
41 74 0.92
15 90 0.91
73 28 0.9
4 88 0.98
76 94 0.81
73 79 0.9
68 65 0.93
79 5 0.75
7 84 0.98
5 91 0.75
27 44 0.92
100 86 0.85
62 25 0.82
21 83 0.96
78 94 0.91
62 79 0.99
5 49 0.84
12 14 0.83
32 6 0.99
20 87 0.88
52 17 0.83
24 93 0.95
2 85 0.97
50 42 0.8
34 38 0.89
7 94 0.76
5 2 0.92
9 63 0.78
97 87 0.8
51 57 0.76
92 61 0.76
51 33 0.81
66 33 0.92
62 67 0.75
20 78 0.86
73 61 0.95
81 98 0.96
53 44 0.76
90 83 0.9
26 47 0.94
34 77 0.76
93 63 0.77
29 31 0.79
95 88 0.98
95 31 0.89
57 5 0.78
9 2 0.76
0 1 0.97
12 75 0.96
39 72 0.97
77 60 0.9
23 69 0.76
95 87 0.85
17 83 0.85
12 4 0.77
31 18 0.91
96 28 0.95
51 96 0.92
59 35 0.81
92 35 0.95
10 87 0.87
16 86 0.89
24 25 0.81
30 84 1.0
25 49 0.95
55 73 0.75
23 77 1.0
92 7 0.75
15 16 0.97
12 18 0.8
49 86 0.99
43 80 0.79
79 84 0.76
8 5 0.9
9 51 0.96
64 45 0.95
61 56 0.84
69 58 1.0
80 55 0.95
77 13 0.81
11 69 0.94
58 23 0.76
85 75 0.99
82 92 0.75
48 72 0.89
75 32 0.85
1 68 0.99
4 97 0.8
79 44 0.97
38 71 0.84
96 19 0.96
25 90 0.88
37 37 0.89
17 6 0.78
80 3 0.76
68 17 0.94
16 100 0.78
23 57 0.92
42 58 0.92
72 64 0.77
73 9 0.91
93 44 0.95
47 74 0.77
53 12 0.81
98 88 0.91
95 72 0.75
81 18 0.84
52 28 0.85
76 22 0.81
43 55 0.81
70 94 0.9
95 95 0.92
11 29 0.88
52 26 0.84
18 60 0.91
71 68 0.9
51 52 0.99
49 50 0.93
14 13 0.8
38 37 0.92
28 44 0.82
5 73 0.82
63 57 0.9
45 83 0.81
89 41 0.78
54 91 0.77
23 9 1.0
74 28 0.77
18 3 0.76
2 37 0.75
20 31 0.86
91 92 0.88
41 11 0.97
72 1 0.78
41 19 0.94
43 20 0.99
56 16 0.93
17 75 0.75
2 45 0.75
0 59 0.94
17 85 0.86
76 49 0.86
3 44 0.97
80 68 0.99
24 75 0.8
16 30 0.84
99 82 0.91
43 86 0.93
23 60 0.76
95 20 0.89
51 97 0.76
8 7 0.99
71 78 0.99
14 98 0.95
95 48 0.86
35 16 0.93
45 7 0.84
5 13 0.85
43 92 0.86
56 32 0.82
