200 400 20 10
49 15
68 44
84 82
70 84
14 46
74 99
61 100
99 88
32 21
19 47
59 87
57 96
76 22
61 17
98 83
49 68
79 94
1 22
44 71
8 34
67 87
0 47
44 70
45 71
57 56
30 43
40 41
84 92
79 68
25 22
9 82
68 65
25 43
88 50
42 93
43 16
100 82
94 7
55 1
79 5
61 26
93 49
0 89
53 41
97 6
38 88
55 62
2 79
91 10
20 69
96 46
50 54
74 29
28 98
45 31
72 90
48 79
28 96
3 23
81 44
7 14
75 7
56 35
52 58
45 70
90 8
82 34
52 65
60 28
19 69
9 2
93 53
49 2
40 24
38 83
39 18
87 92
2 94
4 89
88 96
62 28
62 9
78 92
43 10
100 26
37 14
98 78
57 87
20 21
82 47
27 67
36 92
19 40
30 41
83 46
17 21
50 87
86 90
61 86
55 77
7 94
0 68
45 54
59 49
93 35
2 91
8 76
51 26
83 71
12 46
55 99
52 43
70 62
85 79
32 9
79 23
44 19
43 36
39 89
67 41
31 23
12 66
19 53
55 42
73 29
30 20
91 3
60 66
98 15
21 45
9 81
2 28
74 60
4 78
45 12
10 50
25 28
70 46
25 52
91 25
99 66
41 6
31 83
76 47
13 61
36 66
30 65
5 5
100 49
26 38
100 52
68 41
20 80
90 1
23 93
16 43
6 88
17 39
6 54
78 8
17 18
6 2
50 0
62 41
75 93
82 20
92 33
21 85
79 95
42 37
26 74
86 31
46 30
38 79
4 73
66 35
93 20
13 100
52 91
71 14
95 80
92 16
12 37
54 83
95 58
55 53
99 21
14 45
33 27
97 47
63 95
94 97
86 33
1 69
20 14
96 63
3 25
11 8
50 70
71 16
73 22 0.92
0 11 0.9
41 96 0.95
82 26 0.97
9 1 0.9
93 9 0.87
100 57 0.99
58 29 0.99
39 45 0.94
89 22 0.87
40 0 0.87
40 78 0.78
60 25 0.81
7 83 0.87
65 44 0.86
19 28 0.99
81 36 0.92
97 25 0.91
43 37 0.82
17 58 0.88
15 37 0.9
44 26 0.83
21 70 0.77
62 37 0.81
46 57 0.99
36 85 0.84
69 99 0.86
70 48 0.92
79 83 0.8
24 24 0.88
39 12 0.97
50 21 0.8
3 39 0.89
44 63 0.86
60 79 0.96
60 57 0.83
84 85 0.96
52 72 0.92
97 33 0.77
21 13 0.93
52 33 0.99
45 9 0.99
47 6 0.76
98 37 0.93
25 38 0.87
4 44 0.82
8 71 0.85
32 57 0.82
32 26 0.77
11 40 0.93
84 38 0.94
34 16 0.85
69 92 0.99
7 84 0.89
32 95 0.87
2 37 0.75
13 43 0.8
23 38 0.82
25 87 0.97
71 98 0.77
9 90 0.95
41 89 0.98
56 65 0.95
6 33 0.86
9 47 0.9
62 84 0.99
22 56 0.83
30 72 0.81
30 54 1.0
60 69 0.87
65 48 0.99
14 76 0.97
54 75 0.77
40 27 0.9
74 34 0.78
16 19 0.91
71 35 0.84
93 22 0.8
84 56 0.85
72 48 0.83
94 30 0.93
89 53 0.82
26 92 0.96
53 3 0.89
64 19 0.99
30 86 0.76
25 16 0.99
88 63 0.76
57 21 0.77
59 10 0.95
69 66 0.99
44 66 0.99
2 61 0.75
77 25 0.95
1 19 0.84
89 63 0.88
19 64 0.92
53 66 0.83
18 63 0.97
12 33 0.87
23 28 0.91
24 90 0.83
47 44 0.94
89 86 0.92
55 67 0.97
83 54 0.75
36 97 0.95
21 91 0.88
99 87 1.0
10 83 0.96
4 61 0.79
56 32 1.0
94 12 0.98
56 30 0.84
89 54 0.79
72 49 0.78
48 50 0.91
42 46 0.78
5 61 0.86
86 89 0.96
50 96 0.93
35 83 0.96
45 85 0.98
97 40 0.98
30 36 0.89
9 71 0.77
44 98 0.78
6 30 0.9
87 74 0.93
0 92 0.99
4 51 0.9
86 58 0.89
97 30 0.94
60 51 0.96
57 89 0.95
26 98 0.97
56 60 0.88
46 15 1.0
35 93 0.82
18 54 0.91
65 7 0.92
83 23 0.77
18 91 0.82
49 19 0.86
14 34 0.8
63 75 0.81
86 80 0.9
25 15 0.92
74 98 0.97
87 23 0.77
69 74 0.77
55 29 0.78
82 41 0.95
99 40 0.8
67 57 0.91
55 65 0.83
83 78 0.9
4 36 0.83
11 37 0.78
98 21 0.85
41 60 0.9
21 87 0.8
49 21 0.8
92 11 0.99
79 81 0.81
26 93 0.97
42 68 0.75
0 6 0.88
91 52 0.82
58 68 0.79
84 41 0.93
57 64 0.91
74 93 0.76
19 33 0.94
28 76 0.83
6 1 0.87
4 20 0.77
50 82 0.94
10 81 0.85
36 4 0.78
87 98 0.78
62 86 0.92
82 23 0.81
11 75 0.96
65 11 0.83
32 87 0.97
17 76 0.9
100 88 0.75
67 52 0.92
37 50 0.95
66 34 0.81
65 73 0.85
22 34 0.84
8 4 0.94
93 52 0.94
83 99 0.77
10 49 0.84
87 61 0.75
55 49 0.76
30 10 0.88
47 33 1.0
60 50 0.75
79 51 0.84
87 35 0.8
58 56 0.76
56 61 0.8
74 40 0.97
92 3 0.75
86 85 0.83
63 72 0.94
86 100 0.99
90 61 1.0
49 17 0.86
23 13 1.0
74 81 0.99
51 27 0.97
1 61 0.75
11 27 0.81
51 2 0.78
99 4 0.81
43 31 0.77
93 41 0.95
66 37 0.92
14 60 1.0
21 11 1.0
83 69 0.91
43 98 0.78
73 88 0.97
30 94 0.85
96 7 0.84
83 77 0.94
94 60 0.97
24 89 0.89
97 15 0.99
55 54 0.83
74 82 0.75
86 54 0.94
36 51 0.83
47 57 0.76
29 25 0.95
12 70 0.83
67 21 0.76
32 33 0.97
43 54 0.88
6 99 0.93
42 79 0.81
26 35 0.76
67 26 0.88
38 68 0.85
71 31 0.89
37 33 0.79
7 50 0.85
81 80 0.85
71 99 0.87
85 30 0.93
66 17 0.81
21 74 0.77
67 90 0.83
42 74 0.87
88 86 0.91
51 56 0.76
71 81 0.9
71 74 0.8
86 88 0.85
74 55 0.98
86 55 0.77
72 3 0.78
16 42 0.89
27 14 0.88
82 45 0.84
100 4 0.92
69 39 0.96
12 29 0.75
10 15 0.94
41 75 0.95
21 35 1.0
64 76 0.91
45 56 0.89
39 66 0.84
44 60 1.0
16 6 0.82
32 46 0.75
47 83 0.78
10 2 0.78
48 84 1.0
23 73 0.79
16 75 0.98
89 30 0.88
79 60 0.78
29 26 0.95
36 27 0.89
79 57 0.77
80 46 0.91
71 9 0.91
54 99 1.0
20 33 0.84
100 79 0.77
85 74 0.78
91 35 0.97
81 62 0.79
23 99 0.78
34 42 0.83
76 15 0.85
68 90 0.8
85 56 0.83
29 89 0.79
74 94 0.81
49 39 0.92
31 47 0.85
0 54 0.75
53 64 0.78
70 93 0.92
99 2 0.92
61 68 0.97
91 55 0.75
8 85 0.87
32 75 0.8
81 14 0.76
93 18 0.77
91 18 0.95
29 97 0.84
51 21 0.8
81 89 0.77
19 42 0.76
20 39 0.93
77 80 0.79
100 77 0.9
12 81 0.79
17 17 0.86
65 69 0.91
40 20 0.98
44 68 0.92
44 45 0.82
32 77 0.81
21 40 0.78
31 73 0.85
84 52 0.83
98 19 0.93
35 39 0.97
83 3 0.96
12 2 0.83
59 7 0.79
95 64 0.76
99 36 0.85
2 53 0.9
33 63 0.81
99 58 0.95
68 34 0.99
54 94 0.83
71 25 0.75
24 31 0.84
33 64 0.82
75 10 0.88
65 6 0.88
28 37 0.84
57 68 0.94
95 74 0.88
70 91 0.84
57 82 0.89
48 70 0.87
86 57 0.82
73 50 0.87
10 22 0.99
70 16 0.85
25 86 0.89
42 92 0.81
45 75 0.87
51 1 0.8
74 5 0.92
51 58 0.86
5 67 0.99
26 19 0.93
54 49 1.0
34 37 0.91
12 58 0.87
46 65 0.89
7 85 0.89
31 81 0.99
54 35 0.75
94 65 0.92
27 45 0.91
50 100 0.93
50 52 0.82
56 94 0.78
100 47 0.85
12 61 0.78
81 100 0.8
62 40 0.83
1 55 0.97
22 24 0.82
30 44 0.9
18 1 0.87
95 81 0.75
66 48 0.88
53 27 0.98
4 9 0.82
96 97 0.93
78 77 0.93
39 96 1.0
12 52 0.91
