200 400 20 10
36 36
44 76
63 96
36 42
28 21
41 66
7 97
29 58
69 48
23 66
45 55
8 18
81 30
72 1
32 80
90 69
37 9
58 20
28 14
82 74
59 0
53 20
20 56
38 84
50 95
21 33
81 6
76 18
27 14
38 67
23 70
85 52
67 26
20 100
9 22
1 59
98 15
37 27
52 53
67 3
64 95
3 7
6 65
85 81
94 71
8 15
55 23
19 30
70 100
27 22
51 74
20 30
56 4
47 62
16 58
98 17
39 14
55 81
49 83
71 30
33 56
20 8
30 85
86 12
11 60
6 46
43 85
69 57
76 85
80 65
17 60
84 26
44 21
85 15
68 24
99 45
93 90
47 69
96 97
87 31
26 46
52 87
6 45
80 95
90 78
13 6
79 94
39 22
62 44
18 29
5 95
73 63
92 11
64 88
22 65
24 7
25 55
92 96
6 52
43 88
44 89
19 89
93 4
9 87
96 6
35 34
49 38
88 2
33 21
73 58
88 64
86 19
84 5
63 34
88 24
2 14
75 5
18 80
23 2
21 53
23 67
41 50
47 10
52 86
86 16
75 82
66 38
90 32
9 63
11 79
86 46
31 20
19 29
68 86
85 21
78 16
17 26
52 12
38 87
50 21
97 15
55 71
51 95
27 71
100 85
42 22
65 90
19 60
68 84
6 74
7 77
0 96
84 58
61 80
9 69
12 23
58 99
23 68
50 41
2 37
24 86
71 42
18 10
10 24
44 72
100 80
77 97
11 58
50 52
65 25
75 48
89 27
24 41
14 18
97 89
33 61
32 28
76 61
97 70
28 79
42 4
40 50
86 95
38 46
43 46
51 32
58 71
94 96
10 63
70 77
35 88
28 65
50 9
86 25
54 0
16 88
19 76
88 11
80 34
39 79
69 33 0.97
52 2 0.98
64 78 0.77
9 40 0.75
25 98 0.94
12 60 0.91
89 78 0.76
64 75 0.82
34 88 0.84
68 70 0.94
94 36 0.97
53 27 0.79
68 40 0.88
65 17 0.93
32 58 0.78
79 38 0.92
77 24 0.79
22 87 0.86
40 65 0.94
45 39 0.81
18 59 0.97
69 39 0.88
68 99 0.84
87 11 0.79
41 63 0.93
11 50 0.93
10 34 0.99
15 71 0.81
23 88 0.78
72 51 0.95
12 100 0.78
76 69 0.75
75 19 0.9
41 25 0.88
18 16 0.78
93 94 0.85
58 34 0.92
19 93 0.86
64 14 0.85
88 12 0.79
71 14 1.0
9 18 1.0
7 74 0.76
66 84 0.85
8 21 0.89
3 66 0.88
51 49 0.87
48 82 0.84
57 42 0.81
92 48 0.97
65 98 0.88
80 84 0.79
39 71 0.84
33 9 0.76
97 48 0.82
50 24 0.79
76 78 0.82
70 52 1.0
68 80 0.84
55 10 0.84
69 1 0.98
58 9 0.82
57 24 0.85
90 79 1.0
86 32 0.85
87 78 0.88
62 8 0.97
23 81 0.78
84 32 0.85
56 72 0.87
97 68 0.83
44 26 0.84
68 28 0.83
44 83 0.79
0 65 1.0
89 71 0.77
32 32 0.94
58 85 0.94
22 73 0.86
63 6 0.97
57 57 0.8
98 41 0.77
99 30 0.76
32 69 0.94
51 89 0.97
6 18 0.77
20 63 0.8
66 43 0.86
1 82 0.84
68 72 0.87
2 18 0.88
53 12 0.8
32 75 0.9
9 37 0.82
34 26 0.82
4 23 0.94
82 88 0.79
25 89 0.97
32 61 0.89
62 64 0.98
73 10 0.93
7 7 0.89
83 0 0.83
51 83 0.85
52 94 0.96
94 78 0.75
35 97 0.77
56 32 0.76
60 99 0.89
13 68 0.9
0 60 0.79
42 10 0.75
56 53 0.8
24 44 0.86
81 36 0.88
98 44 0.77
57 43 0.98
99 28 0.88
13 48 0.77
57 5 1.0
46 69 0.92
90 53 0.85
2 78 0.88
94 50 0.78
62 99 0.96
56 30 0.84
65 49 0.76
73 40 0.97
25 39 0.87
31 13 0.97
79 83 0.82
37 31 0.82
82 12 0.93
52 51 0.79
18 0 0.94
71 27 0.87
18 82 0.76
57 50 1.0
66 63 1.0
76 34 0.88
60 80 0.94
93 72 0.92
44 71 0.98
73 82 0.94
61 8 0.89
19 25 0.86
60 83 0.76
76 24 0.86
60 29 0.89
78 6 0.97
36 30 0.94
77 45 0.75
95 62 0.89
12 87 0.89
77 13 0.76
80 7 0.78
37 16 0.82
35 0 0.88
15 87 0.84
54 37 0.92
70 17 0.85
33 4 0.81
20 25 0.86
23 48 0.92
19 54 0.78
98 75 0.79
22 42 0.98
14 33 0.83
87 34 0.83
81 56 0.95
94 1 0.75
28 28 0.77
8 49 0.82
60 40 0.96
22 46 0.79
36 80 0.84
99 81 0.96
12 8 0.91
85 45 0.86
74 6 0.77
34 54 0.75
63 40 0.91
1 42 0.97
67 89 0.79
26 30 0.86
81 92 0.82
18 32 0.81
77 44 1.0
9 45 0.77
17 17 0.84
32 73 0.94
68 87 0.87
53 31 0.82
65 60 0.91
21 83 0.95
6 51 0.79
70 73 0.75
39 57 0.96
37 53 0.96
55 65 0.78
52 84 0.78
70 89 0.91
69 3 0.77
47 46 0.78
43 90 0.76
96 38 0.82
59 14 0.85
29 49 0.89
63 7 1.0
87 42 0.86
91 82 0.95
33 57 0.86
77 34 0.79
0 43 0.82
31 81 0.86
71 12 0.79
63 97 0.91
22 30 0.96
1 83 0.91
90 67 0.97
36 72 0.88
28 91 0.83
40 26 1.0
51 96 0.81
62 67 0.79
82 33 0.87
32 23 0.76
90 17 0.96
83 39 0.75
68 25 0.91
93 45 0.75
49 59 0.96
69 62 0.78
86 39 0.76
29 47 0.96
92 32 0.92
59 86 0.84
21 35 1.0
70 16 0.75
98 43 0.94
15 18 0.98
4 100 0.77
41 87 0.76
93 87 1.0
69 30 0.76
33 32 0.94
16 86 0.93
77 38 0.76
4 82 0.93
18 41 0.94
37 94 0.83
22 59 0.99
69 69 0.93
48 56 0.92
84 56 0.9
61 53 0.92
29 83 0.91
0 50 0.92
94 86 0.76
78 0 0.93
36 68 0.78
3 75 0.95
79 72 0.77
62 48 0.9
89 91 0.83
43 14 0.84
83 77 0.8
48 98 0.83
73 73 0.91
45 51 0.84
17 30 0.95
73 16 0.92
64 94 0.8
56 40 0.89
12 86 0.9
25 96 0.91
67 52 0.99
9 23 0.95
54 66 0.84
47 61 0.87
74 46 0.9
67 81 0.83
49 92 0.99
7 21 0.99
84 7 0.94
50 37 0.98
28 80 0.79
25 41 0.93
65 9 0.83
12 88 0.99
87 6 0.75
17 72 0.79
44 12 0.88
88 88 0.89
46 76 0.76
4 35 0.97
48 47 0.84
83 23 0.81
0 30 0.81
29 11 0.85
41 58 0.83
90 75 0.85
71 35 0.93
72 88 0.91
27 91 0.9
76 3 0.81
50 55 0.82
24 71 0.84
32 66 0.79
54 12 0.87
26 28 0.91
70 7 0.8
23 11 0.87
76 33 0.9
32 4 0.93
77 14 0.92
30 80 0.94
0 75 0.8
55 60 0.81
89 48 0.9
8 58 0.92
40 83 0.77
19 12 0.86
57 6 0.76
19 32 0.96
55 57 0.92
2 36 0.77
59 51 0.92
30 95 0.85
23 24 1.0
10 20 0.84
64 35 0.81
32 90 0.75
50 45 0.85
39 26 0.89
1 18 0.91
2 79 0.98
95 80 0.76
10 13 0.75
73 32 0.9
58 58 0.89
55 93 0.97
67 17 0.98
41 53 0.83
56 26 0.92
65 16 0.83
61 99 0.94
88 13 0.93
29 57 0.86
0 14 1.0
47 91 0.77
17 57 0.75
34 4 0.8
83 95 0.87
84 99 0.94
86 10 0.82
54 7 0.96
16 57 0.94
10 40 0.78
49 85 0.9
81 98 0.79
24 63 0.85
29 42 0.76
70 0 0.93
51 26 0.97
73 4 0.99
36 7 0.86
11 68 0.88
99 83 0.9
76 93 0.93
10 39 0.99
11 22 0.81
17 96 0.98
85 83 0.86
58 74 0.79
6 2 0.89
31 36 0.87
44 70 0.97
54 15 0.77
18 69 0.94
96 83 0.98
39 80 0.87
20 33 0.93
65 32 0.96
0 1 0.92
0 62 1.0
76 17 0.78
61 46 0.75
37 40 0.8
46 23 0.93
71 24 0.79
21 28 0.88
31 49 0.95
64 43 0.79
70 41 0.93
41 44 0.97
16 41 0.86
68 41 0.94
61 90 0.81
17 54 0.77
