200 400 50 10
27 15
1 46
94 38
63 21
55 77
75 24
47 57
54 76
71 59
79 87
39 34
36 79
92 41
34 27
45 86
49 76
78 2
80 86
28 96
93 48
5 97
20 74
28 27
50 74
56 93
17 8
62 93
11 68
15 47
88 6
29 14
63 1
15 75
11 76
8 33
100 77
26 75
35 82
10 85
52 89
5 42
46 24
32 7
58 45
26 97
84 58
65 25
37 19
40 79
7 93
37 12
49 94
38 69
86 9
95 43
86 49
75 14
64 84
24 81
49 20
28 78
30 51
80 7
11 98
18 86
78 76
57 61
84 34
18 48
61 9
69 26
2 31
77 83
36 47
47 16
25 31
99 69
3 80
57 5
67 30
0 100
43 45
33 12
67 60
0 29
26 36
76 5
27 31
82 15
24 61
1 19
69 1
14 28
6 89
10 98
17 5
29 1
100 42
44 35
29 41
33 92
2 7
41 6
35 64
5 79
53 78
2 15
31 13
83 51
26 40
46 90
73 71
88 76
27 49
70 39
9 51
32 39
54 41
73 100
48 61
76 43
94 19
5 6
73 59
3 2
89 63
36 44
11 52
45 85
29 53
3 67
5 49
99 25
94 37
2 68
94 4
82 31
41 80
68 4
42 36
66 31
99 73
31 59
29 73
35 44
40 27
55 5
90 74
31 70
11 8
90 44
12 67
71 61
41 86
32 56
22 16
61 55
39 32
76 22
40 73
48 4
56 36
41 58
51 75
4 64
45 56
9 73
95 38
79 47
73 75
18 1
20 10
75 60
92 72
26 51
53 24
16 1
3 62
66 44
9 86
72 49
7 22
87 31
32 58
78 91
65 55
60 94
66 27
74 52
28 33
93 44
13 32
74 22
88 72
8 78
21 91
59 18
11 29
55 26
20 53
86 5 0.95
93 92 0.86
23 39 0.82
86 97 0.84
11 54 0.98
70 69 0.96
76 38 0.75
29 26 0.79
21 25 0.85
60 79 0.78
84 51 0.95
33 95 0.75
38 29 0.86
41 29 0.9
56 66 0.91
19 25 0.97
33 75 0.9
89 0 0.76
40 5 0.82
68 40 0.8
21 3 0.76
79 21 0.98
28 31 1.0
81 31 0.99
57 20 0.98
1 9 1.0
29 19 0.85
50 39 0.89
69 0 0.94
48 47 0.96
55 28 0.89
19 97 0.95
86 28 0.75
99 97 0.92
72 21 0.93
7 54 0.96
100 0 0.96
26 77 0.92
55 15 0.91
51 21 0.92
56 94 0.88
85 62 0.93
43 36 0.88
19 40 0.82
56 39 0.93
77 30 1.0
12 81 0.84
32 36 0.95
94 9 0.82
81 26 0.96
84 65 0.81
49 97 0.86
17 31 0.87
65 45 0.99
59 59 0.95
83 43 0.85
70 61 0.88
88 14 0.99
50 2 1.0
63 78 1.0
66 13 0.85
29 81 0.97
65 67 0.8
40 1 0.79
17 38 0.96
100 12 0.91
83 66 0.84
20 56 0.93
72 48 0.78
4 56 0.9
94 55 1.0
25 3 0.84
6 38 0.98
9 69 0.8
84 83 0.75
74 50 0.88
28 74 0.94
34 74 0.81
74 8 0.99
61 63 0.89
8 21 0.98
70 81 0.83
22 6 0.8
79 86 0.88
40 68 0.96
13 86 0.92
61 31 0.88
72 24 0.98
34 67 0.89
22 58 0.94
87 62 0.78
1 63 0.78
59 74 0.85
43 0 0.94
88 7 0.81
62 82 0.91
83 90 0.86
38 48 1.0
90 59 0.84
50 86 0.96
72 28 0.78
97 15 0.98
55 4 0.99
2 90 0.97
43 26 0.96
56 89 0.83
88 63 0.89
36 26 0.96
74 24 0.78
24 90 0.86
80 27 0.85
60 64 1.0
14 85 0.91
36 68 0.94
55 88 0.87
44 45 0.86
8 11 0.97
83 13 0.84
35 54 0.95
97 61 0.81
76 93 0.77
83 59 1.0
49 28 0.97
93 12 0.78
92 26 0.93
76 54 0.85
20 92 0.83
98 90 0.81
12 8 0.75
22 37 0.79
23 13 0.8
43 98 0.79
37 73 0.92
79 49 0.8
3 30 0.86
51 38 0.93
7 41 0.79
18 3 0.92
10 47 0.76
37 49 0.98
3 60 0.82
24 60 0.95
70 28 0.83
88 22 0.79
48 0 0.84
82 1 0.96
48 85 0.93
44 27 0.85
82 71 0.91
3 18 0.95
51 10 0.92
40 95 0.98
71 51 0.89
22 72 0.78
48 10 0.86
55 49 0.95
38 67 0.82
53 36 0.75
38 45 0.78
27 96 0.77
45 81 0.8
47 90 0.95
53 49 0.87
26 12 0.88
21 93 0.79
54 49 0.85
74 32 0.76
16 27 0.76
95 36 0.75
86 14 0.95
83 7 0.96
39 90 0.86
89 78 0.91
62 7 0.78
15 13 0.78
52 67 0.78
14 84 0.93
31 90 0.84
2 80 1.0
39 45 0.76
97 19 0.99
45 26 0.77
13 14 0.89
13 49 0.83
74 66 0.98
100 51 0.91
18 27 0.81
1 49 0.76
44 7 0.99
12 39 0.78
68 86 0.78
19 91 0.76
20 70 0.95
69 74 0.89
15 93 0.99
94 18 0.77
94 58 0.87
27 37 0.95
17 34 0.87
49 43 0.78
41 21 0.75
21 51 0.81
97 86 0.93
8 49 0.85
87 68 0.87
87 67 0.82
84 74 0.85
11 94 0.97
9 54 0.77
88 60 0.79
24 85 0.98
7 94 0.85
63 46 0.88
99 18 1.0
48 64 0.95
67 79 0.77
47 61 0.8
82 53 0.85
45 19 0.75
5 38 0.91
94 82 0.93
26 57 0.8
99 34 0.84
84 5 0.82
0 14 0.78
35 1 0.77
47 85 0.97
71 6 0.8
16 26 1.0
24 49 0.78
81 38 0.79
64 98 0.84
58 12 0.76
0 27 0.77
83 63 0.76
60 70 0.77
77 7 0.75
17 77 0.75
21 19 0.93
14 38 0.81
5 96 0.86
30 15 0.87
97 27 0.85
24 71 0.87
55 30 0.96
20 6 0.94
82 6 0.89
12 10 0.82
51 78 0.83
25 98 0.92
82 0 0.93
33 70 0.79
72 64 0.97
18 26 0.9
28 13 0.82
77 60 0.75
5 59 0.81
19 36 0.89
15 28 0.78
67 54 0.86
41 92 0.97
86 10 0.87
96 99 0.94
4 0 0.85
86 6 0.88
49 27 0.95
23 16 0.87
83 67 0.84
68 81 0.91
31 97 0.87
65 17 0.85
6 57 0.85
89 18 0.83
23 61 0.98
29 12 0.87
6 27 0.93
57 78 0.78
78 13 0.83
64 60 0.75
44 54 0.81
4 27 0.85
91 4 0.94
60 72 0.95
19 29 0.93
37 53 0.83
3 92 0.86
64 65 0.81
63 11 0.87
42 18 0.99
18 49 0.79
18 96 0.79
78 62 0.8
9 30 0.88
12 73 0.85
79 100 0.76
90 46 0.93
54 17 0.86
73 54 0.97
100 90 1.0
38 39 0.94
39 14 0.94
54 8 0.85
39 6 0.87
26 70 0.86
26 6 0.92
69 50 0.82
30 0 0.97
53 37 0.89
23 80 0.99
49 44 1.0
20 78 0.82
10 95 0.92
55 70 0.91
11 93 0.78
23 34 0.89
58 57 0.84
17 40 0.83
49 42 0.81
95 15 0.99
19 69 0.96
62 70 0.92
24 91 0.95
0 52 0.95
53 59 0.89
40 91 0.91
65 40 0.84
58 29 0.84
14 22 0.94
66 32 0.8
83 93 0.8
56 33 0.98
68 52 0.87
25 84 0.98
9 9 0.98
18 30 0.75
36 52 0.87
4 5 0.9
86 68 0.97
84 32 0.98
22 50 0.83
33 65 0.98
72 76 0.95
95 56 0.88
22 59 0.98
7 56 0.81
50 81 0.96
52 31 0.83
53 29 0.91
19 54 0.77
9 66 1.0
95 100 0.81
65 12 0.92
97 34 0.78
35 79 0.8
87 9 0.91
43 3 0.96
45 23 0.99
27 40 0.75
5 31 0.75
37 23 0.96
9 0 0.82
34 10 0.91
84 100 0.91
6 98 0.87
76 88 0.78
99 79 0.84
98 77 0.87
22 13 0.94
79 7 0.96
36 74 0.8
35 90 0.76
66 64 0.9
25 19 0.81
82 2 0.99
29 90 0.76
20 90 0.79
20 57 0.81
91 63 0.8
42 95 0.75
5 73 0.86
20 66 0.95
52 53 0.98
77 57 0.84
7 10 0.98
36 89 0.95
15 58 0.92
35 31 0.82
95 62 0.76
80 88 0.79
30 56 0.94
27 28 1.0
96 84 0.87
2 29 0.91
54 30 0.77
73 2 0.85
2 17 0.75
46 70 0.84
8 34 0.97
91 18 0.87
95 75 0.84
