200 400 50 10
38 60
96 21
56 61
72 33
43 98
12 44
30 17
63 9
3 36
0 87
13 85
53 74
79 77
96 54
81 39
19 85
84 71
41 39
83 74
64 68
29 66
93 52
18 62
85 51
100 41
85 76
9 25
88 14
85 87
38 35
66 37
12 12
53 87
87 67
37 7
39 73
98 9
53 84
78 84
46 28
15 86
94 87
84 60
32 21
16 89
71 95
40 49
40 51
62 45
25 21
98 94
69 83
81 34
14 3
44 47
66 60
3 22
96 48
12 33
20 50
9 7
88 89
7 28
46 48
85 100
72 86
66 28
15 72
89 52
40 55
78 24
13 17
63 40
49 50
96 100
85 81
69 78
48 19
56 7
12 7
9 83
7 41
92 79
5 18
90 10
73 23
24 88
95 78
17 75
91 27
86 85
92 83
1 18
25 48
46 93
28 100
51 77
80 24
59 42
11 66
78 72
37 52
43 67
3 25
43 26
73 77
96 84
3 100
49 38
59 41
76 45
53 15
37 15
97 59
35 35
59 48
50 5
96 30
78 23
49 54
26 82
26 44
49 58
100 33
67 18
80 20
0 49
69 66
81 88
55 63
95 99
39 98
58 36
59 20
76 69
36 29
25 36
55 73
70 75
15 10
93 45
3 53
24 74
32 85
16 69
62 71
98 86
30 39
91 69
97 87
58 61
46 1
58 2
4 38
13 89
1 94
3 81
77 11
48 0
33 10
77 6
3 8
54 77
2 14
84 51
77 50
100 6
4 33
71 74
54 72
36 30
12 35
48 55
52 12
34 98
41 83
85 55
92 84
91 70
35 13
31 50
12 100
69 7
93 7
1 3
9 70
21 23
31 71
100 77
24 36
60 13
44 19
39 56
30 68
4 20
76 15
16 83
28 62
75 50
49 90
64 100 0.78
19 36 0.79
62 24 0.76
97 82 0.88
67 99 0.85
20 46 0.87
28 64 0.78
99 83 0.83
24 95 0.75
7 23 0.82
10 29 0.77
97 45 0.86
25 20 0.89
83 70 0.93
48 32 0.87
100 82 0.81
22 36 0.93
10 1 0.89
13 12 0.83
23 47 0.88
3 45 0.98
32 46 0.83
66 76 1.0
93 73 0.98
57 68 0.81
44 49 0.81
38 10 0.99
51 10 0.85
56 52 0.76
77 41 0.96
21 45 0.93
46 92 0.99
57 40 0.98
38 76 1.0
72 78 0.85
41 28 0.94
11 97 0.98
72 52 0.97
61 57 0.89
28 27 0.76
75 16 0.95
43 89 0.84
23 65 0.93
25 32 0.8
37 23 0.93
41 49 0.85
75 100 0.77
44 90 0.98
25 97 1.0
45 58 0.9
44 60 0.84
30 21 0.77
71 19 0.8
13 0 0.93
99 85 0.84
49 89 0.94
3 51 0.79
94 97 0.99
78 77 0.78
98 26 0.75
31 34 0.91
80 35 1.0
60 22 0.84
94 17 0.81
14 92 1.0
40 81 0.91
10 7 0.89
82 42 0.94
13 68 0.76
91 66 0.87
52 54 0.76
2 13 0.83
4 15 0.87
81 91 0.92
10 63 0.93
58 79 0.99
88 16 0.77
64 55 0.84
61 97 0.92
34 70 0.83
38 1 0.8
54 90 0.93
37 11 0.78
82 58 0.89
14 100 0.92
45 36 0.97
2 9 0.89
98 76 0.97
10 58 0.89
3 26 0.82
31 51 0.81
85 19 0.86
6 67 0.9
89 67 0.97
55 65 0.76
12 68 0.9
40 39 0.94
45 11 0.95
91 99 0.9
6 53 0.76
27 48 0.94
61 88 1.0
96 93 0.9
30 40 0.85
37 65 0.92
11 11 0.85
88 81 0.79
31 2 0.95
78 22 0.87
32 68 0.77
76 60 0.93
53 59 0.96
7 74 0.89
5 74 0.89
85 36 0.95
33 17 0.77
95 53 0.88
67 68 0.98
28 13 0.9
1 92 0.97
93 96 1.0
52 1 0.9
58 1 0.82
57 5 0.84
92 78 0.88
38 38 0.9
68 69 0.94
77 48 1.0
68 81 0.89
80 55 0.86
12 56 1.0
77 79 0.91
86 66 0.92
47 52 1.0
6 50 0.89
85 10 0.95
81 24 0.95
35 72 0.77
72 20 0.88
6 93 0.97
83 45 1.0
30 18 0.77
76 17 0.97
92 9 0.82
0 20 0.81
17 58 0.95
86 37 0.97
65 86 0.89
59 43 0.85
89 31 0.9
88 10 0.87
100 78 0.97
61 62 0.91
97 95 0.93
82 57 1.0
43 18 0.93
32 38 0.8
52 98 0.86
91 46 0.96
84 96 0.93
86 10 0.98
78 46 0.84
34 18 0.93
4 93 0.8
91 74 0.78
7 8 0.8
39 23 1.0
44 61 0.85
11 61 0.8
23 56 0.84
92 32 0.79
3 18 0.81
100 44 0.94
41 90 0.77
35 36 0.99
92 31 1.0
4 97 0.85
48 14 0.75
53 5 1.0
35 73 0.86
71 23 0.87
74 4 0.96
12 4 0.79
84 63 0.92
8 25 0.99
67 98 0.9
77 60 0.88
75 36 0.85
57 96 0.77
87 69 0.77
10 67 0.79
30 87 0.81
79 56 0.83
78 45 0.96
97 57 0.89
50 47 0.87
82 39 0.85
65 46 0.77
76 95 0.9
34 79 0.89
93 69 0.98
4 49 0.76
75 29 0.9
21 81 0.91
42 26 0.89
23 9 0.91
64 29 0.95
42 1 0.9
75 99 0.76
4 87 0.79
59 71 0.94
44 79 0.85
61 99 0.99
54 99 0.77
94 53 0.8
11 92 0.84
33 63 0.79
39 51 0.84
74 65 0.75
73 56 0.78
45 4 0.82
87 36 0.97
17 29 0.77
16 97 0.79
43 27 0.98
15 14 0.9
37 34 0.92
77 65 0.94
48 46 1.0
73 4 0.88
92 6 1.0
15 46 0.85
60 97 0.93
92 74 0.82
47 53 0.91
38 62 0.97
24 46 0.92
85 26 0.88
58 59 0.96
45 74 0.94
90 30 0.99
83 66 0.84
11 65 0.83
28 47 1.0
56 81 0.75
96 28 0.85
10 60 0.89
35 23 0.84
2 18 0.96
97 71 1.0
12 53 0.86
91 49 0.84
83 38 0.75
12 36 0.87
47 77 0.93
51 49 0.78
97 21 0.76
26 93 0.82
73 86 0.79
8 7 0.81
33 29 0.79
98 49 0.84
12 16 0.97
73 11 0.86
91 0 0.89
45 51 0.96
62 47 0.97
41 37 0.91
3 16 0.99
44 65 0.98
48 21 0.96
17 47 0.8
68 49 0.83
7 4 0.81
72 46 0.91
36 16 0.77
49 78 0.93
88 76 0.77
82 2 0.79
55 98 0.92
74 41 0.77
100 22 0.91
75 91 0.75
34 4 0.83
11 79 0.75
6 35 0.92
27 44 0.91
80 37 0.93
89 83 0.89
73 6 0.85
15 7 0.81
45 82 0.97
46 9 0.97
55 100 0.78
1 88 0.84
34 52 0.92
33 79 0.92
29 95 1.0
18 26 0.79
80 63 0.86
13 61 0.83
6 78 0.77
100 84 0.97
67 28 0.77
87 100 0.82
19 29 0.87
91 3 0.78
24 62 0.93
15 12 0.77
58 47 0.99
96 55 0.8
81 6 0.77
5 23 0.8
13 72 0.91
2 88 0.86
82 32 0.77
53 9 0.91
73 64 0.77
84 12 1.0
52 90 0.87
10 15 0.79
60 32 0.77
70 11 0.76
0 39 1.0
76 13 0.81
5 16 0.76
13 1 0.9
17 85 1.0
100 14 0.88
77 12 0.92
90 82 0.78
68 93 0.97
33 28 0.77
52 39 0.95
67 8 0.94
82 75 0.92
70 15 0.84
26 5 0.88
26 42 0.8
66 23 0.75
72 14 0.78
38 33 0.92
2 8 0.83
69 20 0.75
82 1 0.84
24 78 0.96
77 13 0.92
97 4 0.81
58 21 0.89
55 89 0.75
77 26 0.9
61 48 0.9
40 57 0.75
90 100 0.93
81 10 0.97
41 41 0.97
9 80 0.82
6 19 0.98
23 34 0.87
17 41 0.84
49 23 0.77
65 93 0.81
38 65 0.97
73 74 0.99
30 98 0.75
52 99 0.87
52 95 0.91
97 12 0.83
22 44 0.98
37 17 0.85
98 35 0.75
89 91 0.85
37 86 0.91
37 10 0.81
50 15 0.78
50 48 0.96
88 15 0.97
87 84 0.91
12 63 0.88
97 31 0.75
47 88 0.86
29 40 0.99
79 28 0.82
31 83 0.82
74 6 0.84
47 8 0.77
63 84 0.9
99 97 0.83
34 21 0.77
23 87 1.0
16 1 0.78
100 90 0.87
57 67 0.79
8 11 0.97
82 83 0.83
50 26 0.79
52 25 0.81
40 60 0.79
1 32 0.85
15 76 0.81
