200 400 100 10
28 78
50 25
100 53
35 99
71 65
46 0
5 73
77 90
59 40
93 2
91 44
26 61
47 39
74 7
98 94
23 16
73 69
87 46
40 7
58 52
28 33
31 76
11 68
2 36
47 87
44 100
1 13
37 93
99 65
8 95
13 43
55 10
91 0
9 28
14 68
83 56
33 17
48 80
34 81
74 89
50 32
16 60
67 88
79 82
6 3
99 32
4 66
24 28
16 73
2 10
32 53
64 55
77 100
22 74
74 81
60 34
9 39
9 64
100 43
83 35
19 82
98 77
79 11
56 58
50 71
66 34
18 23
13 85
80 59
77 82
79 4
77 39
99 99
52 43
58 48
37 45
86 62
46 71
65 83
64 95
59 24
35 43
78 21
31 47
63 23
48 63
38 74
46 81
97 0
21 8
8 80
36 95
25 67
0 59
41 57
100 38
98 11
36 35
99 94
10 34
61 1
44 57
33 89
85 12
79 95
16 77
32 52
80 56
7 22
32 50
68 90
35 94
12 66
56 41
23 75
45 23
100 36
64 17
31 87
93 35
78 95
68 8
85 89
96 74
79 63
90 6
64 63
81 76
49 22
82 39
76 12
20 74
76 83
68 62
63 56
42 49
97 79
66 10
60 59
70 41
40 71
8 62
82 98
46 22
41 13
91 98
69 14
10 75
98 67
95 23
10 79
62 10
3 52
63 6
17 38
37 83
64 20
76 71
20 1
71 11
100 19
2 68
0 49
16 27
99 11
53 64
19 58
8 68
16 41
98 30
23 54
91 27
16 12
92 63
5 19
67 22
64 38
97 58
5 91
53 55
15 92
83 39
87 22
61 70
72 21
47 9
50 31
66 91
69 47
95 30
5 45
9 11
15 68
53 12
13 66
19 5
25 5
98 9
85 5
79 51
2 37 0.9
6 82 0.83
38 36 0.87
95 22 0.9
21 28 0.85
23 69 0.77
61 14 0.82
11 18 0.99
36 96 0.79
8 49 0.99
74 65 0.87
87 98 0.96
66 70 0.83
20 91 0.81
69 7 0.9
54 0 0.77
99 8 0.76
7 5 0.85
94 61 0.92
1 47 0.98
31 62 0.79
40 52 0.81
24 35 0.96
52 54 0.88
41 26 0.91
40 98 0.89
8 9 0.97
31 65 0.75
93 79 0.99
5 23 0.89
6 40 0.96
87 40 0.85
32 11 0.97
94 67 0.99
20 63 0.87
3 9 0.93
3 97 0.76
63 94 0.76
64 99 0.87
5 32 0.95
33 91 0.83
76 55 0.76
39 95 0.82
19 3 0.87
21 85 0.84
84 5 0.94
85 63 0.78
32 5 0.77
96 46 0.79
86 18 0.99
65 15 0.9
14 0 0.92
52 9 0.77
49 45 0.96
98 28 0.96
2 46 0.94
45 100 0.96
92 97 0.8
97 17 0.78
61 53 0.86
4 46 0.82
19 93 0.96
68 60 0.75
59 10 0.95
34 15 1.0
7 6 0.76
74 88 0.91
56 21 0.99
50 7 0.76
63 80 0.98
32 17 0.81
73 22 0.79
13 19 0.94
70 6 0.82
5 20 0.75
62 6 0.87
11 51 0.76
33 77 0.86
76 100 0.96
32 8 0.98
64 68 0.77
25 30 0.99
86 51 0.9
68 22 0.83
94 12 0.9
24 85 0.79
11 98 0.9
52 51 0.85
20 35 0.95
67 28 0.88
13 96 0.99
50 26 0.77
18 20 0.87
32 23 0.96
44 64 0.8
71 25 0.84
24 53 0.86
32 0 0.8
34 26 0.96
0 98 0.96
17 74 0.9
67 25 0.94
98 42 0.96
3 40 0.98
92 30 0.78
70 22 0.81
37 5 0.94
56 46 0.99
82 61 0.85
15 90 0.87
53 28 0.9
41 93 0.99
80 58 0.93
50 52 0.97
64 9 0.78
40 29 0.93
94 82 0.8
70 53 0.88
94 55 0.8
53 40 0.82
25 90 0.76
22 73 0.98
52 17 0.87
82 2 0.92
48 8 0.77
60 58 0.79
2 89 0.85
21 30 0.82
23 60 0.78
12 61 0.97
46 20 0.83
94 96 0.77
69 18 0.85
60 98 0.91
37 31 0.98
77 79 0.8
21 89 0.94
72 67 0.91
1 16 0.98
80 44 0.81
52 53 0.76
27 55 0.75
20 21 0.9
89 70 0.95
24 27 0.92
20 42 0.96
67 0 0.82
88 95 0.95
32 59 0.91
52 21 0.85
41 74 0.99
69 36 0.92
97 95 0.77
70 1 0.76
17 6 0.97
46 83 0.95
72 37 0.77
76 32 0.88
10 13 0.88
6 51 0.95
68 76 0.98
80 72 0.91
50 74 0.88
37 27 0.84
47 97 0.96
78 91 0.75
59 19 0.94
88 0 0.92
16 87 0.76
87 9 0.89
52 59 0.87
67 95 0.85
68 42 0.83
11 45 0.84
17 7 0.84
52 81 0.84
94 0 0.98
48 68 0.91
79 34 0.9
35 20 0.78
44 24 0.91
97 43 0.96
18 6 0.92
87 82 0.8
39 39 0.85
0 26 0.98
69 4 0.96
22 84 0.76
25 9 0.85
25 25 0.79
38 83 0.88
0 90 0.85
92 62 0.87
93 31 0.84
58 100 0.9
57 24 0.99
42 15 0.96
52 82 0.85
82 49 0.79
62 15 0.92
95 51 0.98
99 55 0.8
39 7 0.83
93 84 1.0
56 87 0.91
75 98 0.92
27 52 0.83
42 95 0.99
64 0 0.85
18 77 0.82
99 21 0.88
58 21 0.9
13 60 0.88
33 98 0.94
36 76 0.82
22 62 0.97
76 67 0.81
17 98 0.93
69 5 0.96
42 3 0.91
2 38 0.85
45 52 0.99
85 52 0.76
72 69 0.84
94 93 0.75
57 48 1.0
71 67 0.94
2 43 0.92
76 86 0.93
83 17 0.83
50 46 0.78
42 96 0.82
47 73 0.97
26 90 0.91
95 41 1.0
1 7 0.95
64 75 0.76
19 34 0.86
78 61 0.94
7 50 0.78
57 44 0.99
29 25 0.77
47 92 1.0
67 14 0.84
25 20 0.87
87 53 0.89
99 85 0.85
73 49 0.9
85 22 0.99
82 6 0.78
26 35 0.88
38 81 0.81
6 27 0.8
97 74 0.97
87 97 0.86
90 70 0.93
14 48 0.79
19 92 0.91
60 56 0.76
31 95 0.94
77 54 0.78
93 80 0.91
46 44 0.9
33 49 0.84
100 57 0.96
20 23 0.85
3 61 0.89
78 86 0.81
96 30 0.91
65 41 0.79
91 55 1.0
53 83 0.77
76 19 0.78
2 20 0.79
38 79 0.9
14 91 0.98
0 69 0.86
43 35 0.84
10 84 0.78
87 92 0.8
44 9 0.93
62 45 0.75
88 92 0.89
92 34 0.84
19 75 0.87
48 40 0.79
87 38 0.83
51 19 0.83
36 56 0.95
57 9 0.96
15 23 0.76
58 16 0.91
68 87 0.99
59 20 0.84
16 70 0.85
92 59 0.75
92 38 0.96
76 29 0.82
34 84 0.75
15 98 0.93
33 74 0.91
4 48 0.75
83 77 0.94
56 34 0.98
78 2 0.75
40 97 0.82
49 82 0.92
39 8 0.99
17 51 0.81
43 49 0.81
69 87 0.91
83 60 0.77
44 71 0.9
82 25 0.92
9 6 0.77
4 14 0.9
35 26 0.97
13 88 0.96
91 95 0.76
0 95 0.79
18 44 0.76
72 1 0.8
89 13 0.88
43 36 0.9
92 11 0.75
87 69 0.81
94 56 0.84
77 73 0.92
16 42 0.81
89 86 0.8
18 97 0.97
7 60 0.92
97 34 0.83
71 53 0.93
73 68 0.84
40 48 0.83
60 30 0.85
60 93 0.87
80 71 0.88
2 51 0.92
83 40 0.91
75 23 1.0
86 94 0.93
12 6 0.82
18 98 0.98
41 61 0.88
15 46 0.88
76 42 0.99
81 64 0.91
76 60 1.0
45 1 0.83
1 71 0.75
23 86 0.89
100 67 0.97
80 62 0.78
44 36 0.95
81 45 0.75
98 86 0.8
93 55 0.95
3 36 0.79
58 74 0.92
1 56 0.84
66 6 0.83
43 50 0.93
14 71 0.89
69 50 0.94
26 98 0.94
67 44 0.84
84 10 0.82
68 43 0.78
100 91 0.87
66 20 0.75
53 9 0.77
62 4 0.96
32 44 0.76
71 79 0.82
1 43 0.93
18 69 0.94
21 67 0.92
36 37 0.79
87 71 0.87
81 83 0.84
98 65 1.0
31 15 0.87
92 72 0.98
86 24 0.75
63 53 0.93
46 40 1.0
47 79 0.84
30 54 0.87
25 78 0.75
11 54 0.89
59 21 0.99
63 90 0.76
2 97 0.82
83 44 0.98
84 50 0.79
65 0 0.77
8 10 0.9
23 65 0.91
