200 400 20 10
72 12
29 86
83 94
37 66
95 53
28 53
23 75
25 44
43 45
60 38
95 13
86 61
91 62
6 33
51 25
24 47
78 15
42 18
76 43
81 46
65 52
90 29
75 6
9 57
97 32
20 24
89 10
96 22
48 71
41 28
55 39
68 88
57 19
59 20
96 97
68 6
15 34
26 57
28 28
18 5
12 72
49 78
42 93
53 23
2 33
4 62
75 62
19 86
67 80
60 26
70 17
17 21
15 93
33 69
50 17
12 35
44 9
26 89
38 86
19 18
35 16
21 40
7 35
94 87
72 46
15 74
57 22
69 30
55 55
19 69
9 68
72 33
79 71
65 61
64 45
9 10
40 96
54 56
97 16
1 51
82 46
23 80
37 58
91 0
47 23
28 100
39 69
97 99
0 17
98 95
46 55
0 70
28 21
55 13
89 5
14 64
27 25
10 96
10 61
60 93
71 69
24 50
19 68
17 55
36 26
57 69
73 98
62 19
95 51
42 76
19 95
21 81
85 16
2 64
74 58
12 98
29 64
26 98
80 18
39 98
66 53
40 44
37 63
60 60
16 83
67 34
37 56
55 98
100 51
58 79
5 3
29 91
9 11
16 74
23 62
3 5
7 45
40 10
5 61
57 30
42 59
52 33
25 29
78 92
51 98
40 39
23 25
5 71
49 13
75 78
87 23
10 82
63 95
67 72
69 86
98 72
83 69
20 2
84 36
73 20
5 87
46 47
6 43
43 98
96 17
59 30
35 49
71 95
97 77
22 54
10 29
80 6
84 40
45 60
30 23
51 84
69 45
85 18
6 40
95 16
24 1
49 52
51 42
29 45
73 26
76 27
14 73
66 41
5 17
76 71
68 22
44 16
55 67
62 99
72 30
40 35
11 56
3 13
42 70
90 23
0 7 0.92
65 45 0.99
34 43 0.89
31 82 0.88
98 65 0.92
34 38 0.9
62 27 1.0
5 8 0.82
27 12 0.94
95 83 0.82
44 65 0.89
5 88 0.85
33 41 0.86
99 94 0.82
9 45 0.82
77 43 0.93
37 38 0.75
62 57 0.76
55 97 0.95
4 66 0.88
98 46 0.84
66 18 1.0
22 46 0.78
56 30 0.86
39 42 0.75
51 88 0.92
70 21 0.96
19 73 1.0
20 98 0.81
78 3 0.93
96 28 0.98
8 62 1.0
74 28 0.76
92 52 0.92
74 4 0.77
94 34 0.91
54 33 0.82
86 57 0.82
59 70 0.86
68 36 0.95
8 41 0.93
65 48 0.91
56 99 0.75
19 85 0.9
6 82 0.93
84 32 0.87
70 99 1.0
84 22 0.91
69 72 0.78
56 78 0.96
98 30 0.81
9 2 0.93
65 73 0.99
67 43 0.85
7 63 0.97
78 97 0.98
40 65 0.86
69 48 0.97
24 91 0.92
88 78 0.78
44 47 0.93
93 92 0.79
61 23 0.98
96 74 0.97
47 48 0.75
89 45 0.84
51 44 0.83
81 3 0.84
88 29 1.0
2 77 0.89
51 89 0.76
77 75 0.9
25 93 1.0
57 35 0.79
96 60 0.84
91 79 0.84
87 74 0.96
8 3 0.92
45 27 0.86
76 37 0.93
63 28 0.75
41 97 0.75
68 43 0.86
26 15 0.83
83 3 0.79
27 74 0.91
55 92 0.81
61 75 0.91
48 10 0.77
53 78 0.98
86 92 0.85
96 88 1.0
25 9 0.91
18 43 0.76
96 35 0.96
80 57 0.89
95 24 0.81
72 57 0.98
38 4 0.97
87 58 0.79
67 60 0.76
32 94 0.79
41 18 0.92
83 89 0.76
95 26 0.92
62 78 0.78
19 53 0.8
5 35 0.98
85 88 0.94
61 10 0.83
59 71 0.97
93 90 0.91
39 62 0.77
98 7 0.76
84 9 0.87
46 0 0.79
83 56 0.92
20 29 0.83
89 43 0.98
61 54 0.92
71 41 0.99
78 0 0.99
47 31 0.76
17 36 0.88
89 12 0.97
12 36 0.81
17 32 0.81
49 62 0.77
15 16 0.81
25 34 0.83
6 35 0.81
7 32 0.82
31 2 0.88
41 78 0.78
44 97 1.0
59 6 0.81
43 21 0.79
75 40 0.8
42 38 0.84
87 38 0.75
10 81 0.86
50 36 0.8
67 19 0.98
30 43 0.93
5 80 0.75
4 12 0.85
75 67 0.83
26 78 0.92
88 65 0.89
94 17 1.0
96 99 0.9
60 28 0.99
53 90 0.94
10 26 0.92
55 88 0.95
98 13 0.8
73 33 0.86
6 0 0.89
39 36 0.88
26 30 0.95
30 1 0.96
62 20 0.88
35 11 0.92
80 13 0.87
26 34 0.95
82 47 0.81
88 4 0.88
58 2 0.91
17 89 0.93
100 89 0.89
28 72 0.9
44 3 0.85
5 99 1.0
57 6 0.85
84 47 0.91
41 66 0.88
25 0 0.88
87 42 0.76
65 39 0.84
38 54 0.79
61 26 0.89
100 7 0.75
81 50 0.94
22 30 0.88
25 91 0.95
54 1 1.0
27 61 0.75
93 42 0.92
38 98 0.81
0 3 0.84
1 31 0.82
60 87 0.86
15 98 0.84
37 16 1.0
54 8 0.82
13 31 0.82
12 39 0.81
45 31 0.88
24 22 0.82
19 23 0.91
80 59 0.92
89 21 0.81
6 44 0.75
80 29 1.0
54 63 0.94
32 85 0.85
60 11 0.87
9 20 0.98
35 40 0.85
54 65 0.77
79 16 0.98
62 30 0.81
82 76 0.78
98 52 0.78
76 42 0.77
18 4 0.96
17 50 0.8
20 16 0.78
38 97 0.82
1 50 0.75
90 42 0.87
52 48 0.93
92 6 0.76
39 48 0.85
12 79 0.89
83 92 0.91
16 12 0.77
86 30 0.84
90 12 0.81
14 89 0.86
72 87 0.94
89 23 0.98
77 28 0.78
94 85 0.79
45 71 0.75
79 52 0.79
13 71 0.86
88 62 0.81
85 30 0.8
45 78 0.9
51 24 0.75
38 2 0.81
67 94 1.0
99 83 0.93
21 49 0.88
63 2 0.81
32 30 0.81
4 91 0.91
44 34 0.9
41 83 0.78
55 18 0.94
4 15 0.82
56 73 0.96
69 96 0.99
16 9 0.87
10 39 0.79
64 17 0.88
20 79 0.75
29 93 0.98
12 37 0.94
83 8 0.75
28 85 0.91
20 30 0.82
73 94 0.92
33 75 0.76
4 0 0.77
68 63 0.76
22 78 0.89
5 86 0.92
5 29 0.81
41 57 0.88
42 11 0.9
92 57 0.82
83 91 0.83
50 30 0.88
2 81 0.83
18 22 0.83
32 10 0.87
66 80 0.92
20 72 0.9
45 81 0.91
22 14 0.96
60 53 0.92
58 13 0.8
42 66 0.99
69 84 0.89
73 32 0.82
47 7 0.83
3 27 0.87
67 64 0.85
11 21 0.84
21 63 0.81
80 5 0.82
27 8 0.89
62 16 0.77
8 69 0.87
53 14 0.94
22 15 0.9
37 8 1.0
8 81 0.87
97 100 0.87
81 53 0.85
95 35 0.76
80 93 0.85
68 21 0.82
24 38 0.96
19 52 0.8
60 63 1.0
4 41 0.82
30 51 0.81
3 98 0.81
15 82 0.75
12 6 0.79
98 0 0.83
1 93 0.99
47 91 0.83
57 34 0.86
87 83 0.77
64 80 0.85
19 91 0.75
64 31 0.92
54 36 0.78
34 6 0.99
5 42 0.91
37 4 0.92
6 28 0.91
50 100 0.9
9 5 0.82
32 8 0.94
35 90 0.8
89 57 0.85
44 74 0.89
21 1 0.94
14 31 0.95
32 15 0.96
65 41 0.98
99 66 0.95
75 89 0.83
99 90 0.87
23 14 0.75
31 25 0.82
70 81 0.92
48 51 0.93
1 41 0.93
58 1 0.76
61 9 0.95
94 84 0.99
92 47 0.92
91 12 0.77
42 25 0.95
17 62 0.96
32 20 0.79
7 21 1.0
41 0 0.96
28 49 1.0
77 24 0.88
22 58 0.84
25 28 0.91
56 47 0.87
63 53 0.92
65 58 0.83
10 94 0.86
86 50 0.82
49 22 0.76
70 41 0.83
13 51 0.78
3 59 0.81
24 40 0.78
57 46 0.77
80 2 0.88
47 73 0.87
77 78 0.82
23 10 0.93
74 79 0.86
53 61 0.84
36 36 0.94
56 42 0.79
32 13 0.92
14 47 0.82
78 34 0.78
42 51 0.85
84 43 0.79
2 14 0.92
37 35 0.96
19 5 0.86
89 47 0.85
17 11 0.77
80 3 0.86
35 58 0.75
47 43 0.78
27 54 0.85
77 84 0.85
44 51 0.82
45 79 0.97
60 0 0.76
56 26 0.79
12 15 0.8
96 65 0.84
45 6 0.98
26 1 0.87
