200 400 100 10
81 29
13 86
6 7
25 65
26 74
1 99
87 100
86 97
51 91
17 14
34 88
92 61
49 21
27 32
74 83
53 89
33 12
67 4
17 30
90 79
100 16
67 85
85 18
74 41
78 83
43 53
93 95
47 63
34 34
50 27
61 91
23 53
50 86
5 39
63 14
61 2
96 7
59 43
70 90
9 45
64 17
11 46
73 51
78 9
84 40
93 5
59 56
60 27
46 13
30 9
65 41
93 38
95 75
52 27
59 49
11 4
66 73
70 42
10 16
61 96
54 3
70 32
68 75
27 72
47 80
75 1
85 89
38 23
69 73
49 60
88 17
53 86
6 44
56 51
27 22
58 79
87 57
24 39
66 21
69 39
65 37
76 49
33 18
48 67
78 4
75 88
1 25
93 63
75 32
63 49
71 5
43 60
89 1
64 57
55 49
69 96
11 53
60 35
36 62
52 90
0 78
70 27
46 24
46 95
74 98
12 11
84 33
13 98
25 12
47 10
97 27
66 70
89 27
47 97
12 96
78 71
2 89
84 80
28 36
45 54
95 27
22 20
51 2
48 50
63 91
55 63
18 16
51 96
38 43
93 4
37 53
39 0
89 54
58 54
49 89
54 40
14 73
98 43
66 65
35 87
38 40
94 0
82 6
56 84
66 91
37 65
82 8
10 93
17 76
42 35
83 93
51 74
51 4
79 23
61 99
39 4
20 21
46 53
100 73
36 64
41 31
42 29
91 54
95 95
64 8
47 15
77 42
22 80
47 20
8 1
5 29
12 14
36 74
92 42
72 18
51 29
21 87
59 15
0 69
11 3
90 72
92 67
36 16
59 19
72 59
37 28
85 99
76 47
22 58
77 11
18 14
72 73
58 20
90 90
51 1
48 93
49 95
95 70
75 4
34 94
40 88 0.8
63 92 0.96
75 15 0.98
55 15 0.77
53 91 0.75
73 77 0.8
23 29 0.96
41 56 0.79
67 58 0.93
38 6 0.81
83 60 0.89
6 10 0.75
76 3 0.87
52 75 0.87
83 13 0.93
55 27 0.95
76 37 0.96
82 33 0.9
32 52 0.87
56 24 0.78
79 42 0.97
17 73 0.83
99 80 0.96
82 30 0.9
72 6 0.97
18 58 0.78
97 76 0.96
43 92 0.86
58 75 0.77
21 89 1.0
88 39 0.96
26 81 0.79
90 37 0.8
40 50 0.75
8 56 0.88
13 81 0.97
14 88 0.92
78 61 0.85
99 60 0.8
90 87 0.85
63 86 0.84
7 1 0.89
87 25 0.77
97 34 0.84
94 9 0.85
97 13 0.78
95 88 0.9
55 51 0.95
73 30 0.76
86 61 0.89
32 60 0.89
89 45 0.99
68 29 0.89
6 80 0.87
32 7 0.87
88 54 0.8
68 57 0.99
5 66 0.75
44 1 0.82
46 89 0.8
77 19 0.78
72 97 0.9
22 90 0.93
69 21 0.82
65 14 0.77
52 77 0.95
72 3 0.83
93 47 0.92
45 25 0.76
89 89 0.92
78 14 0.77
98 72 0.88
25 39 0.77
83 45 0.75
77 75 0.76
62 10 0.78
57 21 0.78
40 87 0.79
30 77 0.91
14 45 0.85
11 16 0.94
16 13 0.95
68 8 0.75
23 64 0.86
88 78 0.99
68 90 0.82
55 36 0.88
54 61 0.83
86 47 0.95
34 39 0.76
37 47 0.79
19 12 0.9
49 84 0.92
34 69 0.8
82 41 0.79
10 88 0.82
49 58 0.83
50 85 0.81
20 10 0.89
22 43 0.97
57 60 0.82
86 39 0.86
50 58 0.77
10 3 0.88
86 24 0.83
52 93 0.91
100 24 0.78
32 34 0.79
57 25 0.88
33 45 0.93
51 14 0.85
34 24 1.0
79 44 0.84
43 4 0.86
7 79 0.89
63 1 0.97
25 45 0.9
23 6 0.86
57 75 0.95
45 52 0.96
74 61 0.86
66 83 0.89
5 35 0.99
61 27 0.78
65 43 0.89
23 89 0.97
28 71 0.76
61 61 0.79
93 99 0.89
90 93 0.92
3 95 0.78
33 40 0.84
1 0 0.85
63 95 0.91
91 64 0.99
5 13 0.84
74 0 0.85
7 70 0.77
17 11 0.83
92 24 0.8
1 42 0.88
66 89 0.77
89 84 0.84
14 86 0.96
38 68 0.96
52 32 0.94
15 21 0.9
87 15 0.95
51 54 0.86
78 32 0.83
14 89 0.92
47 100 0.8
47 60 0.87
17 82 0.98
44 68 0.97
26 68 0.89
79 56 0.93
70 73 0.75
63 15 0.92
0 89 0.76
30 53 0.9
45 98 0.83
53 95 0.93
87 48 0.82
53 18 0.97
74 3 0.84
62 40 0.81
22 63 0.99
18 22 1.0
79 25 0.89
55 99 0.99
23 5 0.76
84 27 0.95
77 70 0.78
86 4 0.89
16 29 0.86
82 9 0.95
86 5 0.87
68 26 0.83
44 66 0.9
68 88 0.92
47 84 0.85
61 48 0.85
47 52 0.93
99 68 0.95
14 21 0.96
82 18 0.85
66 15 0.97
59 31 0.86
23 13 0.81
8 60 0.95
8 25 0.9
5 9 0.98
5 27 0.96
31 89 0.78
24 17 0.94
58 57 0.8
13 31 0.8
62 87 0.88
34 77 0.9
12 54 0.96
34 26 0.92
100 51 0.97
11 11 0.95
60 3 0.82
24 33 0.99
20 26 0.85
75 78 0.89
70 11 0.8
2 64 0.93
51 59 0.86
99 19 0.92
22 91 0.82
29 85 0.81
33 96 0.77
14 19 0.86
1 96 0.84
82 23 0.91
85 25 0.99
46 80 0.91
73 11 0.95
84 17 0.88
64 74 0.93
79 91 0.78
73 54 0.81
71 74 0.86
2 81 0.92
4 83 0.85
70 76 0.95
41 72 0.85
68 95 0.9
53 30 0.87
47 8 0.99
84 16 0.95
80 50 0.83
73 19 0.96
82 0 0.86
47 59 0.9
41 47 0.83
17 69 0.83
13 4 0.76
33 74 0.87
3 46 0.88
14 82 0.81
10 86 0.81
74 17 0.75
76 85 0.89
69 20 1.0
5 5 0.77
83 84 0.87
77 92 0.88
82 77 0.9
30 95 0.92
76 22 0.86
22 84 0.92
77 23 0.86
96 80 0.76
53 99 0.87
11 73 0.87
30 26 0.88
64 42 0.91
31 34 0.95
53 66 0.88
18 61 0.86
0 18 0.79
38 83 0.78
77 32 0.85
57 38 0.78
87 98 0.88
37 62 0.98
32 83 0.76
4 41 0.8
77 8 0.81
24 2 0.77
10 95 0.93
42 23 0.82
6 56 0.91
71 32 0.83
64 76 0.79
13 61 0.81
36 47 0.77
77 74 0.85
30 73 0.78
22 64 0.79
11 1 0.82
55 41 0.9
99 32 0.96
33 62 0.81
41 82 0.8
87 56 0.86
38 70 0.96
2 73 0.87
34 98 0.93
100 50 0.76
0 42 0.86
57 16 0.93
16 39 0.86
89 68 0.83
65 94 0.97
35 90 0.83
61 74 0.9
92 0 0.78
45 40 0.87
56 15 0.87
86 90 0.76
99 66 0.95
80 13 0.9
50 83 0.89
94 46 0.9
4 98 0.82
77 59 0.96
78 10 0.98
77 87 0.8
80 17 0.97
77 86 0.8
82 52 0.79
72 27 0.87
25 36 0.94
21 1 0.86
100 99 0.77
29 60 0.8
86 28 0.95
88 2 0.99
41 62 0.94
99 87 0.77
64 69 0.81
75 81 0.79
49 72 0.77
89 17 0.84
66 19 0.95
64 83 0.98
49 19 0.96
30 28 0.75
7 11 0.88
45 63 0.83
54 15 1.0
10 79 0.94
56 92 0.97
21 62 0.99
16 31 0.94
19 41 0.83
94 4 0.92
49 30 0.93
70 65 0.78
53 24 0.97
73 68 0.96
98 73 0.77
17 90 0.95
65 45 0.76
68 30 0.98
39 33 0.78
92 69 0.85
63 2 0.91
14 5 0.96
65 92 0.94
98 19 0.92
45 99 0.81
20 97 0.78
7 19 0.84
71 57 0.88
5 99 0.89
100 8 0.92
33 24 0.97
81 23 0.84
13 93 0.9
50 11 0.78
64 16 0.97
79 5 0.87
37 72 0.86
36 4 0.99
20 74 0.85
32 73 0.82
99 79 0.76
9 29 0.75
35 51 0.75
68 10 0.99
87 54 0.87
61 0 0.96
43 75 0.82
84 39 0.79
7 12 0.83
2 91 0.97
36 77 0.89
64 78 0.97
11 54 0.94
19 39 1.0
88 35 0.99
61 56 0.93
4 100 0.78
50 74 0.78
31 63 0.82
70 97 0.95
48 44 0.87
78 23 0.81
25 88 0.8
28 1 0.98
18 9 0.92
96 23 0.87
78 51 0.95
39 40 0.88
