200 400 20 10
80 77
75 5
0 51
24 21
93 60
16 42
57 48
76 87
68 91
58 6
92 47
78 51
68 31
70 36
78 78
47 54
40 65
29 77
38 47
9 99
42 32
54 17
9 90
38 72
63 96
62 16
73 71
52 63
35 100
65 61
14 37
46 55
65 39
46 9
89 46
28 42
12 70
98 82
66 53
80 5
100 38
32 94
46 68
41 28
14 64
65 19
57 33
32 57
25 74
18 41
1 54
19 37
46 35
65 51
8 96
82 53
73 24
45 10
84 82
86 97
45 4
3 69
65 31
56 92
48 42
99 95
5 42
27 92
59 23
13 81
56 9
81 18
55 93
47 50
61 81
38 46
57 84
45 9
86 36
10 73
28 26
1 63
32 2
75 38
65 90
28 28
71 21
70 71
82 27
88 18
63 92
76 82
20 17
7 66
98 95
90 65
46 63
63 64
41 40
8 27
82 92
1 21
83 27
45 28
2 91
30 50
43 67
61 22
71 69
18 79
81 82
84 40
7 95
88 68
82 66
69 7
31 42
57 32
13 73
33 13
2 77
54 20
56 42
10 43
98 78
56 72
82 12
86 21
14 76
4 28
48 74
86 64
78 69
21 97
52 5
12 17
90 91
94 23
5 35
89 52
49 34
72 99
6 77
27 70
1 0
75 41
49 18
50 41
56 75
3 91
88 87
61 35
51 98
26 68
95 80
72 56
73 8
31 46
65 44
60 86
74 34
39 19
75 89
12 56
97 22
90 87
28 100
47 63
67 32
1 22
66 2
76 66
38 15
77 45
70 50
74 46
0 2
7 24
45 32
63 90
97 49
35 47
28 97
65 69
89 53
38 16
94 0
100 62
0 71
58 15
54 8
33 84
37 79
6 14
47 82
21 27
32 76
25 75
13 88
56 39
78 17 0.77
48 72 0.97
18 100 0.99
48 54 0.85
40 87 0.93
63 99 0.83
84 45 0.91
79 64 0.95
24 22 0.88
99 27 0.92
18 97 0.97
60 35 0.97
11 42 0.84
13 24 0.84
37 68 0.88
76 36 0.78
1 99 0.97
13 26 0.96
51 19 0.92
80 39 0.83
86 8 0.92
86 60 0.76
73 74 0.84
1 34 0.91
49 93 0.81
90 23 0.83
81 25 0.81
96 92 1.0
74 91 0.92
96 82 0.76
62 59 0.96
55 92 0.88
8 64 0.77
89 47 0.81
69 22 0.79
51 88 0.82
87 30 0.84
95 96 0.84
24 68 0.85
0 0 0.8
36 28 0.8
41 90 0.75
27 63 0.87
33 96 0.83
18 51 0.97
88 64 0.93
71 79 0.8
23 17 0.77
21 49 0.93
90 33 0.82
21 96 0.88
92 94 0.84
73 91 0.77
16 86 0.75
41 3 0.9
80 65 0.84
51 26 0.77
73 11 0.78
26 13 0.78
34 30 0.86
12 19 0.76
11 87 0.78
55 55 0.84
2 38 0.77
60 7 0.88
59 52 0.79
77 71 0.96
42 29 0.77
97 41 0.77
34 68 0.81
20 89 0.83
17 8 0.86
53 21 0.95
73 46 1.0
19 38 0.78
95 98 0.83
14 74 0.99
12 96 0.86
66 26 0.84
97 59 0.84
64 38 0.99
4 61 0.91
77 31 0.99
4 10 0.97
13 83 0.93
86 2 0.81
45 61 0.94
41 77 0.9
29 25 0.97
10 40 0.98
20 62 0.87
76 92 0.88
26 54 0.96
5 91 0.76
74 93 0.76
45 51 0.95
46 84 0.9
33 26 0.93
31 30 0.88
88 51 0.76
9 34 0.81
33 46 0.84
98 35 0.94
18 50 0.77
91 10 0.94
90 45 0.95
44 15 0.79
74 26 0.78
15 12 0.9
13 86 0.9
76 78 0.82
25 63 0.96
100 95 0.75
41 19 0.82
47 24 0.83
69 42 0.97
99 82 0.87
90 20 0.83
23 24 0.75
15 2 0.86
66 98 0.86
56 29 0.89
23 36 0.78
7 13 0.78
58 33 0.75
47 26 1.0
58 41 0.98
79 8 1.0
31 39 0.99
17 6 0.91
65 58 0.83
31 68 0.81
80 28 0.98
4 77 0.76
2 15 0.79
48 40 1.0
44 34 0.75
42 41 0.99
83 51 0.93
68 87 0.77
69 29 0.96
82 10 0.98
98 42 0.95
32 63 0.97
25 92 0.8
78 61 0.77
28 29 0.85
54 32 0.99
97 11 0.75
66 23 0.79
17 92 0.93
96 69 0.93
66 32 0.79
2 72 0.75
88 27 0.99
84 14 0.84
69 83 0.77
70 37 0.84
50 81 0.92
99 22 0.96
37 95 0.96
92 60 0.89
92 39 0.83
80 98 0.99
84 13 0.96
88 19 0.98
100 99 0.8
38 97 0.91
13 34 0.98
24 92 0.89
65 88 0.84
18 0 0.99
12 40 0.78
88 50 0.81
95 47 0.78
91 93 0.86
27 34 0.89
89 95 0.98
71 4 0.83
91 9 1.0
0 91 0.84
61 27 0.8
10 61 0.97
61 39 0.79
29 69 0.78
50 62 0.79
68 22 0.87
91 76 0.86
91 62 0.84
77 79 0.9
69 77 0.92
29 63 0.85
63 40 0.87
63 11 0.84
17 28 0.96
13 17 0.79
90 74 0.75
77 80 0.89
90 78 0.75
89 7 0.82
36 4 0.99
11 1 0.95
43 47 0.83
99 75 0.75
17 57 0.95
22 83 0.82
92 15 0.94
54 64 0.95
27 11 0.85
72 4 0.89
47 44 0.92
70 76 0.86
23 54 0.96
74 24 0.88
92 97 0.93
95 91 0.88
65 99 0.79
44 27 0.75
34 100 0.87
4 54 0.99
36 12 0.86
1 74 0.86
37 93 0.78
64 9 0.96
6 96 0.9
90 51 0.77
13 4 0.96
100 43 0.82
99 97 0.82
84 33 0.93
74 43 0.76
79 77 0.98
60 28 1.0
16 0 0.97
94 47 0.8
61 53 0.82
12 72 0.79
64 16 0.92
17 17 0.97
61 59 0.99
58 68 0.92
43 36 0.95
59 99 0.97
57 66 0.84
56 56 0.88
99 41 0.82
6 26 0.78
3 77 0.97
14 1 0.76
40 45 0.82
81 40 0.82
93 75 0.78
43 40 0.83
32 67 0.8
15 5 0.88
20 98 0.84
1 47 0.8
19 55 0.75
33 38 0.89
58 5 1.0
73 31 0.99
79 91 0.82
84 72 0.93
52 90 0.92
98 91 0.84
89 70 0.78
11 100 1.0
95 50 0.95
50 45 0.86
53 80 0.92
32 33 0.79
57 75 0.96
42 56 0.82
49 5 0.92
19 77 0.83
48 93 0.82
86 35 0.78
0 76 0.88
81 66 0.99
3 57 0.98
23 12 0.99
44 12 0.78
57 2 0.91
73 89 0.95
80 70 0.98
61 21 0.75
64 71 0.76
12 80 0.98
11 45 0.82
85 45 0.92
3 90 0.82
9 97 0.89
4 90 0.9
31 77 0.76
37 24 0.94
38 67 0.94
23 21 0.94
80 97 0.82
75 86 0.89
75 20 0.89
45 26 0.94
23 50 0.85
23 34 0.79
84 47 0.75
7 26 0.94
69 70 0.92
91 80 0.98
80 55 0.81
37 33 0.92
7 10 0.83
16 59 0.93
9 63 0.85
25 68 0.84
80 69 0.87
36 16 0.81
23 43 0.98
4 51 0.86
14 26 0.95
51 57 0.81
35 70 0.8
60 94 0.82
42 53 0.81
61 49 0.87
56 54 0.92
92 48 0.93
4 33 0.85
88 71 0.93
99 23 0.92
95 38 0.92
88 41 0.96
84 34 0.95
73 43 0.94
57 1 0.99
28 72 0.96
99 98 0.84
20 15 0.92
71 95 0.97
93 93 0.94
21 45 0.94
57 27 0.92
8 22 0.91
34 57 0.94
57 85 0.87
61 57 0.95
62 34 0.79
28 49 1.0
87 21 0.99
20 59 0.93
61 73 0.93
52 15 0.96
14 58 0.84
77 56 0.78
72 29 0.99
73 16 0.82
92 100 0.96
2 84 0.81
30 1 0.97
42 26 0.97
65 16 0.78
55 57 0.81
23 6 0.88
14 73 0.85
65 87 0.93
0 53 0.82
32 88 0.94
70 0 0.89
18 19 0.89
95 11 0.87
74 30 0.89
77 22 0.77
95 40 0.88
31 86 0.93
67 59 0.96
90 61 0.76
67 83 0.77
67 99 0.97
98 85 0.84
100 79 0.93
13 15 0.94
6 23 0.96
86 42 0.91
89 69 0.9
35 32 0.93
90 82 0.98
40 39 0.83
74 73 0.76
2 59 0.78
56 96 0.87
75 70 0.75
55 75 0.86
26 84 0.85
27 6 0.95
75 11 0.9
37 10 0.96
0 77 0.92
62 89 1.0
57 67 0.97
7 14 0.77
11 71 0.78
48 41 0.78
