200 400 50 10
4 19
93 97
96 93
70 11
94 39
28 13
95 4
80 29
97 18
82 20
59 9
79 24
47 22
65 80
12 38
3 4
57 76
36 41
19 15
33 5
1 8
29 24
68 67
57 0
21 29
78 20
92 19
78 54
12 91
95 34
10 83
80 1
87 90
38 57
44 25
90 4
30 97
99 85
0 67
5 28
65 98
13 19
91 16
82 94
35 4
22 20
17 76
57 44
2 82
68 19
19 48
97 32
93 69
33 70
0 84
80 41
94 5
12 74
2 49
68 56
22 96
16 29
86 62
51 7
95 75
31 76
45 91
99 28
66 27
98 40
3 9
75 79
73 25
34 71
57 69
100 48
9 29
26 14
29 22
55 57
94 75
50 2
56 27
57 14
90 95
53 90
1 86
61 78
86 77
0 50
20 8
54 38
8 21
50 38
36 39
77 34
53 53
64 76
48 11
98 54
78 0
46 51
60 89
35 15
79 19
78 97
51 14
74 40
98 62
60 27
88 72
81 49
48 25
34 69
65 13
51 40
51 32
39 21
17 87
22 54
3 20
71 74
53 68
80 52
68 7
60 99
78 90
61 85
8 42
84 28
95 1
55 80
14 63
70 10
16 43
12 93
13 79
24 75
31 49
11 73
80 89
49 81
42 72
81 8
20 42
19 78
58 76
41 100
11 10
3 48
5 8
92 80
7 7
83 47
0 23
30 64
39 68
91 48
28 53
61 82
28 82
52 38
89 42
36 44
54 90
69 15
94 76
45 86
67 93
1 41
93 41
10 21
24 26
87 98
7 90
38 83
76 87
34 2
93 66
35 28
81 27
20 34
88 16
23 97
51 53
52 26
56 3
89 73
7 66
3 57
61 60
95 20
12 21
62 10
85 41
11 80
22 2
66 25
49 64
45 1
21 53 0.77
39 4 0.86
83 63 0.96
23 15 0.95
89 82 0.81
35 21 0.78
81 20 0.85
32 41 0.92
96 22 0.89
87 34 0.92
50 95 0.92
22 46 0.91
39 48 0.99
38 60 0.95
66 43 0.87
84 78 0.77
42 94 1.0
25 2 0.94
90 61 0.8
51 39 0.77
64 72 0.87
64 25 0.8
51 54 1.0
28 95 0.85
30 77 0.79
95 73 0.87
38 67 0.79
87 68 0.91
52 70 0.75
53 13 0.92
98 33 0.8
22 24 0.94
18 24 0.96
60 81 0.88
1 24 0.75
51 15 0.89
74 25 0.88
13 22 0.93
69 1 0.94
11 85 0.99
64 88 0.86
20 53 0.95
44 37 0.77
57 68 0.89
8 59 0.93
76 49 0.8
16 32 0.97
82 26 0.93
84 90 0.99
78 98 0.94
68 55 0.78
95 44 0.79
32 10 0.91
21 92 0.76
76 38 0.83
6 57 0.84
93 10 0.98
17 20 0.8
56 52 1.0
92 38 0.8
40 50 0.99
42 18 0.86
23 17 0.87
54 2 0.81
42 48 0.9
59 83 0.8
6 97 0.88
44 95 0.87
98 16 0.87
58 85 0.8
20 100 0.79
82 19 0.94
87 99 1.0
63 40 0.97
11 46 0.81
31 65 0.87
73 6 0.87
81 79 0.82
43 40 0.97
34 5 0.84
58 83 0.99
3 13 0.83
60 51 0.97
86 47 1.0
53 60 0.94
83 27 0.75
82 32 0.85
10 76 0.76
5 79 0.93
0 35 0.94
8 35 0.96
49 48 0.99
100 8 0.93
24 86 0.95
53 89 0.94
1 4 0.89
85 54 0.88
43 15 0.8
16 52 0.92
53 54 0.99
55 60 0.77
44 87 0.84
75 36 0.95
56 58 0.96
100 53 0.92
96 42 0.83
89 56 0.79
46 31 0.93
1 63 0.94
59 17 0.75
35 59 0.97
37 79 0.89
93 86 0.87
6 89 0.83
86 44 0.99
34 55 0.99
2 86 0.98
23 45 0.97
4 57 0.79
40 80 0.8
20 55 0.79
66 93 0.9
92 76 0.89
17 53 0.95
85 14 0.99
92 90 0.83
54 49 0.93
92 69 0.82
57 87 0.93
74 57 0.92
71 88 0.75
57 22 0.91
97 36 1.0
21 45 0.81
15 69 0.77
26 57 0.93
96 35 0.78
71 3 0.75
65 35 0.97
21 87 0.75
60 70 0.89
34 89 0.86
61 14 0.81
16 89 0.81
70 30 0.75
19 51 0.82
50 73 0.83
19 67 0.99
72 55 0.85
1 83 0.8
87 9 0.86
25 56 0.92
0 83 0.93
60 20 0.77
42 10 0.97
12 18 0.77
50 57 0.86
45 62 0.79
42 35 0.88
48 93 0.81
68 94 0.88
19 58 0.98
62 8 0.93
88 91 0.84
65 96 0.94
84 8 0.77
33 83 0.93
14 18 0.97
68 76 0.79
10 44 0.96
61 62 0.85
46 99 0.8
28 97 0.97
86 20 1.0
58 75 0.94
78 66 0.98
44 70 0.84
96 64 0.75
0 95 0.76
6 90 0.85
31 45 0.87
72 42 0.9
15 11 0.86
91 6 0.75
90 100 0.8
87 93 0.83
38 90 0.87
44 3 0.99
62 17 0.92
81 7 0.92
78 40 0.78
22 45 0.84
95 80 0.98
35 93 0.75
5 20 0.99
26 94 0.98
8 50 0.96
88 76 0.96
6 72 0.98
48 45 0.91
22 12 0.82
11 97 0.98
76 11 0.77
98 35 1.0
39 10 0.87
6 35 0.94
93 55 0.96
42 7 0.77
28 72 0.94
97 11 0.82
52 52 0.86
23 34 0.96
68 71 0.99
97 41 0.85
42 32 0.93
4 71 0.85
41 9 0.96
20 68 0.91
32 31 0.87
93 7 0.76
95 50 0.93
70 67 0.91
89 4 0.95
54 70 0.76
87 71 0.83
69 80 0.91
12 80 0.99
32 1 0.96
13 67 0.8
94 3 0.78
49 63 0.89
63 33 0.9
90 77 0.88
97 51 0.8
58 33 0.88
87 47 0.91
79 13 0.96
83 44 0.91
36 32 0.9
49 82 0.89
90 71 0.98
45 46 0.91
68 95 0.9
28 17 0.88
87 60 0.97
95 14 0.9
45 89 0.81
37 81 0.87
22 59 0.95
18 21 0.92
26 68 0.87
69 38 0.88
60 13 0.92
38 20 0.77
41 21 1.0
41 27 0.84
98 99 0.92
1 21 0.97
7 23 0.76
6 31 0.88
54 55 0.85
47 62 0.96
23 21 0.99
76 66 0.94
94 88 0.76
0 4 0.96
71 79 0.82
49 31 0.96
73 21 0.86
56 15 0.76
6 23 0.91
11 41 0.85
35 3 0.99
14 84 0.88
65 47 0.99
1 61 0.78
80 57 0.86
30 94 0.84
47 9 0.78
34 39 0.79
24 56 0.87
78 41 0.9
69 6 0.8
72 76 0.87
18 84 0.75
63 77 0.87
66 52 0.96
30 14 0.91
9 93 0.89
38 30 0.8
82 65 0.9
23 47 0.89
97 82 0.88
72 58 1.0
15 54 0.82
83 42 0.77
17 63 0.96
26 84 0.82
35 55 0.99
77 68 0.87
85 20 0.86
91 2 0.88
83 85 0.76
35 37 0.81
72 91 0.92
34 47 0.91
54 45 0.88
39 72 0.91
73 51 0.84
23 43 0.81
66 85 0.99
63 38 0.86
28 76 0.78
79 32 0.8
5 50 0.95
56 32 0.8
91 33 0.97
47 36 0.92
13 25 0.75
15 27 0.77
55 84 0.75
84 84 0.77
64 9 0.81
12 43 0.96
22 91 0.83
13 48 0.82
82 18 0.85
6 71 0.98
58 37 0.87
51 72 0.96
64 22 0.84
63 76 0.79
58 96 0.95
46 24 0.95
99 29 0.93
89 79 0.86
80 69 0.98
52 59 0.79
15 19 0.91
19 80 0.84
63 50 0.79
32 98 0.98
89 49 0.75
44 23 0.82
88 17 0.84
69 88 0.99
89 38 0.89
66 81 0.78
7 33 0.89
16 77 0.9
65 82 0.92
80 93 0.89
59 34 0.91
35 20 0.82
16 94 0.91
50 58 0.8
10 86 0.95
84 9 0.76
30 25 0.91
71 84 0.98
0 25 0.78
39 32 0.83
41 73 0.81
12 63 0.85
71 23 0.81
58 79 0.76
17 90 0.94
39 49 0.83
14 76 0.81
48 83 0.83
44 78 0.77
85 100 0.84
60 32 0.92
79 53 0.92
18 93 0.88
36 6 0.99
95 9 0.76
55 31 0.9
9 44 1.0
38 17 0.97
35 30 0.95
60 21 0.96
74 33 0.82
53 22 0.85
49 96 1.0
39 54 0.82
83 39 0.89
25 91 0.94
77 48 0.96
10 45 0.8
70 70 0.87
60 4 0.79
17 47 0.97
96 25 0.79
79 84 0.85
75 8 0.82
30 10 0.76
99 4 0.94
91 0 0.98
89 9 0.77
