200 400 20 10
12 5
62 22
91 28
65 62
67 87
97 51
29 99
7 1
23 18
85 24
75 69
3 28
97 44
55 9
61 26
15 23
57 76
82 17
76 100
69 89
35 44
27 100
40 0
16 65
100 37
35 2
22 100
94 65
78 76
20 34
95 71
13 92
21 20
14 60
26 53
24 46
65 85
73 98
14 90
9 57
56 32
79 8
95 58
48 42
58 44
89 3
24 15
40 2
21 44
25 24
85 9
33 8
85 20
16 7
5 54
30 12
77 4
2 92
34 95
79 56
39 9
48 83
59 16
64 15
17 28
33 23
71 45
67 20
17 19
52 13
17 97
50 50
50 45
15 20
57 89
30 13
47 6
45 57
71 65
41 75
45 72
8 92
62 25
89 100
97 88
73 47
16 96
31 83
24 36
11 64
22 92
33 75
10 52
91 50
100 10
93 1
26 80
45 93
88 73
18 44
34 22
19 62
49 61
52 30
46 54
52 82
92 75
93 9
34 3
22 37
50 4
86 92
93 96
54 78
28 99
11 32
83 96
73 3
76 11
25 48
46 41
10 65
36 77
100 99
78 66
50 63
76 0
28 64
80 79
9 49
38 50
5 2
22 1
63 10
90 9
36 78
38 49
28 27
43 6
89 95
90 31
67 26
76 9
39 25
87 59
69 84
56 74
96 87
39 50
91 75
0 98
67 38
2 48
93 57
83 28
87 71
90 52
33 0
80 35
43 81
5 45
76 3
63 81
22 89
66 64
36 62
98 32
99 60
17 72
88 47
17 79
78 26
2 62
29 67
32 6
44 82
91 68
38 65
41 55
8 62
1 40
56 57
55 43
35 56
24 7
84 55
20 33
98 67
84 3
38 57
81 52
82 92
94 78
62 54
87 72
21 85
15 99
45 95
55 63
5 30
45 21 0.99
6 76 0.86
73 21 0.96
10 43 0.92
57 84 0.94
82 11 0.78
35 26 0.99
45 12 0.95
96 39 0.95
11 87 0.81
55 94 0.98
83 93 0.85
86 42 0.78
7 96 0.9
26 83 0.93
100 53 0.82
89 81 0.92
2 68 0.96
94 54 0.78
49 2 0.97
4 32 0.87
25 7 0.79
51 78 0.79
6 75 0.75
30 3 0.75
51 8 0.94
32 36 0.96
82 40 0.88
66 94 0.88
81 54 0.9
9 46 0.9
65 27 0.86
50 28 1.0
99 42 0.9
12 97 0.84
78 47 0.77
67 97 0.93
31 27 0.91
98 25 0.94
52 24 0.79
88 84 0.99
3 58 0.99
87 19 0.94
73 41 0.91
54 15 0.94
44 29 0.79
18 8 0.96
8 2 0.82
69 6 0.86
58 34 1.0
33 37 0.87
12 76 0.77
35 65 0.94
6 60 0.86
33 77 0.94
64 2 0.76
62 24 0.95
49 54 0.99
44 49 0.85
78 62 0.84
52 39 0.84
83 35 0.75
82 99 0.9
51 66 1.0
71 20 0.95
42 91 0.88
0 2 0.9
76 54 0.9
43 58 0.95
18 20 0.82
18 37 0.82
8 53 0.99
23 10 0.86
94 99 0.9
90 40 0.91
9 47 0.94
12 28 0.8
29 75 0.89
2 31 0.99
83 88 0.83
84 94 0.95
89 85 0.94
2 23 0.85
61 54 0.9
79 12 0.91
82 96 0.97
13 54 0.99
31 73 0.77
54 79 0.82
36 80 0.81
81 64 0.81
73 52 0.93
83 7 0.86
3 10 0.78
20 12 0.83
59 36 0.93
11 67 0.81
29 85 0.95
40 30 0.75
60 29 0.89
26 34 0.85
77 53 0.82
33 100 0.8
91 92 0.98
42 61 0.92
10 25 0.94
100 34 0.82
69 64 0.78
63 8 0.8
7 86 0.82
53 92 0.76
24 22 0.86
15 44 0.78
26 36 0.88
4 3 0.95
98 72 0.89
90 2 1.0
59 85 0.85
7 30 0.95
93 53 0.97
24 70 0.84
32 59 0.78
16 0 0.92
57 2 0.88
78 27 0.77
42 84 0.88
19 80 0.96
4 2 0.95
36 39 0.9
19 10 0.9
95 46 0.97
9 25 0.96
56 97 0.93
33 66 0.8
95 10 0.88
21 4 0.96
90 76 0.79
68 94 0.78
61 33 0.98
93 54 0.76
65 56 0.86
69 71 0.95
22 32 0.77
27 10 0.86
78 5 0.75
48 74 0.96
12 8 0.9
54 66 0.95
7 56 0.84
46 67 0.9
14 27 0.93
50 87 0.82
14 87 0.97
32 23 0.92
63 47 0.98
23 52 0.99
36 92 0.9
57 97 0.84
83 70 0.98
63 65 0.92
36 56 0.94
47 54 0.99
3 4 0.78
21 21 0.94
71 4 0.77
38 27 0.87
28 87 0.78
88 77 0.8
78 16 0.8
38 48 0.85
20 89 0.77
53 37 0.89
24 43 0.9
53 16 0.8
80 72 0.91
93 98 0.92
51 37 0.87
46 17 0.95
40 43 0.96
46 21 0.9
19 32 0.91
78 44 0.98
35 76 0.79
52 18 0.84
89 64 0.79
44 87 0.87
95 74 0.75
82 73 0.77
59 32 0.91
77 3 0.88
22 62 0.9
63 16 0.95
92 59 0.85
7 81 0.85
69 44 0.87
39 55 0.83
7 6 0.81
84 83 0.83
25 81 0.93
14 3 0.82
37 31 0.84
61 45 0.88
87 89 0.77
28 29 0.8
58 18 0.85
57 28 0.9
46 12 0.76
100 4 0.77
66 21 0.91
56 60 0.91
18 10 0.75
12 89 0.85
60 41 0.77
33 99 0.97
39 54 0.81
39 2 0.8
31 75 0.99
55 93 0.94
9 16 0.93
79 48 0.88
59 5 0.91
62 66 0.8
43 84 0.99
68 63 0.88
77 44 0.79
95 89 0.98
25 1 0.82
83 36 0.92
36 89 0.93
86 54 0.79
27 7 0.78
37 8 0.96
79 4 0.85
79 73 0.91
32 8 0.82
44 53 0.89
7 40 0.76
46 62 0.88
11 77 0.76
2 14 0.93
54 2 0.95
55 80 0.8
83 44 0.96
8 90 0.86
45 20 0.96
78 100 0.96
99 45 0.99
48 23 0.77
59 55 0.88
63 61 0.75
7 46 0.83
23 29 0.88
65 9 0.91
57 18 0.76
60 62 0.98
68 66 0.76
61 22 0.76
50 74 0.87
17 100 0.94
98 56 0.91
8 79 0.88
32 29 0.85
98 75 0.93
41 32 0.96
56 89 0.96
55 26 0.79
71 76 0.78
94 40 0.81
73 33 0.78
21 23 0.79
71 68 0.91
54 86 0.94
92 58 0.89
18 95 0.94
0 72 1.0
20 65 0.99
61 30 0.87
88 7 1.0
15 84 0.82
40 85 0.85
8 37 0.77
54 95 0.8
39 93 0.95
77 76 0.99
21 27 0.8
97 71 0.96
32 75 0.93
97 45 0.89
37 88 0.92
49 51 0.87
41 27 0.99
74 33 0.97
19 92 1.0
47 82 0.9
82 24 0.94
15 16 0.92
1 14 0.97
5 20 0.84
1 12 0.82
36 10 0.83
13 3 0.84
45 86 0.96
59 65 1.0
38 17 0.77
78 10 0.94
24 73 0.93
84 85 0.77
79 87 0.87
71 17 0.8
5 22 0.98
57 61 0.9
62 42 0.97
56 52 0.86
54 39 0.86
78 60 0.88
98 34 0.76
55 21 0.89
2 42 0.82
20 27 0.98
4 75 0.9
64 7 0.81
74 82 0.85
34 49 0.84
85 80 0.85
83 30 0.81
1 71 1.0
43 61 0.83
16 26 0.98
35 53 0.79
66 41 0.88
5 17 0.76
7 19 0.86
58 32 0.82
10 87 0.91
95 25 0.9
17 95 0.87
17 88 0.93
100 69 0.91
82 72 0.75
85 23 1.0
1 89 0.95
81 42 0.78
77 2 0.82
88 44 0.83
82 61 0.96
58 5 0.94
30 84 0.79
47 70 0.89
83 19 0.97
89 82 0.97
10 12 0.86
74 64 0.97
6 3 0.75
85 57 0.88
11 39 0.86
11 49 0.95
92 60 0.84
19 89 0.99
89 35 0.9
17 40 0.81
52 89 0.93
15 78 0.81
9 74 0.76
51 38 0.89
93 71 0.92
81 89 0.94
30 36 0.78
69 91 0.79
23 64 0.86
81 25 0.76
88 30 0.94
95 48 0.87
82 29 0.81
59 27 0.86
18 0 0.77
20 84 0.95
70 68 0.9
13 10 0.76
35 24 0.84
10 37 0.89
12 29 0.79
73 35 0.92
1 52 0.75
77 80 0.86
90 0 0.81
16 11 0.84
100 85 0.97
14 35 0.96
28 15 0.86
19 82 0.97
92 51 0.89
54 45 0.77
38 82 0.91
91 34 0.82
32 7 0.8
75 98 0.92
64 52 0.78
25 68 0.88
32 94 0.95
33 12 0.82
