200 400 100 10
35 52
90 89
6 50
53 63
100 94
36 3
0 18
25 47
93 96
44 8
98 98
9 77
11 83
10 61
4 77
15 73
4 16
99 0
11 57
54 23
23 26
40 60
58 7
36 4
16 41
6 18
10 47
29 68
76 39
92 18
39 70
21 56
16 54
83 8
88 2
82 82
77 70
26 93
87 50
43 26
40 84
29 82
97 68
14 32
40 41
60 7
99 17
93 57
14 52
32 9
13 49
71 33
62 34
79 94
50 51
62 48
26 3
22 50
44 40
16 56
92 93
55 20
2 100
21 35
58 86
49 94
44 85
55 43
18 51
96 81
93 95
82 58
80 51
69 70
13 72
79 19
33 54
30 86
38 86
77 87
58 70
10 8
37 24
18 16
14 34
0 86
97 0
48 60
75 97
51 97
1 33
55 57
88 38
51 69
26 26
34 92
15 26
93 89
30 50
92 43
35 92
57 4
99 75
37 15
50 83
76 5
82 78
47 22
77 54
51 71
33 63
76 82
51 62
0 73
15 100
59 51
1 85
87 35
84 17
18 22
100 8
32 19
18 86
95 33
39 9
97 61
52 11
8 97
26 18
98 97
15 59
11 34
9 41
92 35
62 37
40 0
51 100
100 49
94 97
63 81
95 50
10 35
34 19
63 36
18 74
99 45
36 58
19 86
55 77
13 20
97 65
33 11
9 28
56 46
7 43
65 86
89 62
88 80
48 58
87 47
52 50
11 79
95 89
27 10
7 32
83 5
7 18
37 0
46 65
86 36
45 49
54 8
4 6
69 51
79 46
11 25
42 77
45 98
84 63
91 94
16 90
11 92
41 91
78 47
16 87
12 77
64 0
53 10
22 91
65 84
16 47
8 61
74 96
77 56
4 85
60 65
70 90
53 52
1 98
7 7
85 66 0.8
33 72 1.0
78 80 0.78
25 43 0.94
91 83 0.77
69 59 0.94
59 32 0.89
3 18 1.0
46 27 0.84
31 39 0.94
10 64 0.99
2 29 0.86
17 89 0.88
74 30 0.95
83 75 0.94
71 61 0.98
30 66 0.76
22 45 0.87
70 82 0.92
98 20 0.92
16 61 0.99
64 88 0.95
75 35 0.93
49 64 0.76
12 84 0.82
12 15 0.98
39 67 0.78
42 49 0.92
93 3 0.91
27 77 0.76
78 5 0.86
4 75 0.81
73 46 0.98
86 10 0.85
28 67 0.94
5 75 1.0
16 94 0.99
33 89 0.95
69 24 0.91
88 26 0.98
76 56 0.89
81 81 0.95
36 76 0.93
81 95 0.78
20 63 0.95
18 12 0.93
15 37 0.97
40 70 0.92
5 4 0.76
96 72 0.97
61 33 0.85
55 12 0.81
61 37 0.89
91 82 0.97
83 62 0.85
57 79 0.98
55 27 0.98
91 47 0.85
8 93 0.95
31 1 0.94
84 11 0.88
67 51 0.86
29 94 0.96
61 31 0.94
100 32 0.84
3 37 0.97
64 24 0.8
64 86 0.84
45 59 0.83
53 46 0.77
7 60 0.89
93 74 0.79
97 70 0.99
57 43 0.8
100 53 0.97
1 36 0.97
34 81 0.85
52 97 0.89
74 58 0.95
48 21 0.76
20 84 0.86
51 3 0.75
76 9 0.9
31 61 0.89
72 16 0.79
65 52 0.83
24 32 0.81
14 14 0.99
48 43 0.82
60 15 0.86
10 94 0.86
89 66 0.81
74 22 0.84
79 66 0.94
7 52 0.82
74 61 0.82
67 59 0.8
36 5 0.77
51 14 0.83
7 58 0.95
15 42 0.88
92 77 0.88
5 100 0.95
56 27 0.79
92 12 0.88
54 88 0.79
93 49 0.88
48 80 0.8
83 19 0.94
10 93 0.82
42 90 0.99
45 33 0.92
44 64 0.83
69 91 0.93
53 17 0.94
56 36 0.98
32 16 0.85
95 22 0.75
91 27 0.79
78 10 0.81
48 3 0.82
57 0 0.89
54 39 0.95
74 98 0.79
41 84 0.94
97 55 0.99
43 64 0.97
81 36 0.98
96 39 0.78
29 24 0.78
31 93 0.92
91 4 0.99
65 100 0.79
91 92 0.83
37 25 0.87
32 51 0.88
50 23 0.95
36 85 0.93
70 6 0.83
16 95 0.84
64 46 0.91
28 18 0.99
95 76 0.89
71 20 0.85
73 82 0.98
19 48 0.98
22 99 0.75
74 2 0.82
13 7 0.82
7 15 0.94
45 26 0.94
92 36 0.93
23 40 0.78
87 61 0.92
0 84 0.88
88 97 0.98
58 71 0.98
50 4 0.96
63 86 0.86
64 74 0.84
66 8 0.75
33 12 0.83
13 69 0.79
40 30 0.81
50 26 0.95
2 14 0.98
44 29 0.96
35 84 1.0
21 9 0.85
69 68 0.78
22 72 0.77
87 77 0.84
91 36 0.78
34 57 0.79
57 56 0.81
63 20 0.86
43 11 0.78
83 91 1.0
75 16 0.81
63 78 0.96
89 81 0.82
36 47 0.79
33 5 0.86
44 23 0.75
11 93 0.79
24 47 0.8
0 12 0.76
65 36 0.9
40 87 0.75
74 89 0.99
17 94 0.94
2 45 0.99
5 0 0.87
79 85 0.75
51 19 0.81
74 57 0.96
69 26 0.92
66 4 0.9
66 84 0.84
75 0 0.98
27 21 0.84
98 27 0.8
77 63 0.86
16 65 0.85
66 27 0.8
14 30 0.96
90 46 0.75
99 35 0.78
6 3 0.75
22 33 0.88
11 48 0.96
16 17 0.82
93 78 0.86
82 92 0.97
49 67 0.84
88 32 0.75
82 36 0.91
51 42 0.95
38 94 0.86
29 39 0.76
66 81 0.8
37 92 0.77
53 75 0.84
43 3 0.82
30 41 0.84
37 27 0.82
84 98 0.79
85 91 0.83
72 17 1.0
39 2 0.91
94 2 0.81
97 29 0.84
20 64 0.99
75 85 0.77
84 7 0.8
61 46 0.86
69 57 0.77
100 18 0.95
64 32 0.87
95 15 0.78
4 40 0.82
52 59 0.92
92 73 0.81
62 17 0.96
53 42 0.91
79 42 0.81
98 54 0.98
19 62 0.92
63 49 0.86
91 42 0.99
69 16 0.82
91 1 0.93
43 66 0.91
14 10 0.87
11 56 0.96
72 89 0.91
2 56 0.81
14 82 0.93
81 96 0.91
50 60 0.83
14 19 0.88
28 20 0.89
63 18 0.96
99 68 0.79
61 58 0.92
28 49 0.82
65 83 0.89
10 75 0.86
35 2 0.84
7 5 0.98
51 39 0.89
67 61 0.93
60 33 0.84
53 33 0.92
92 31 0.78
47 36 0.76
33 29 0.8
73 60 0.75
86 37 0.8
71 68 0.93
19 90 0.81
96 10 0.78
85 17 0.98
100 89 0.87
72 63 0.98
17 57 0.92
7 49 0.96
15 77 0.77
70 69 0.83
56 33 0.94
5 23 0.75
26 78 0.88
91 35 0.88
12 23 0.79
62 6 0.75
68 34 0.86
47 99 0.86
83 43 0.87
11 95 0.88
12 46 0.9
54 24 0.81
91 28 0.91
18 81 0.86
44 94 0.93
85 87 0.96
22 39 0.79
89 89 0.89
25 45 0.84
80 19 0.75
62 13 0.85
47 77 0.75
69 58 0.88
49 30 0.93
17 49 0.97
30 11 0.86
85 49 0.84
66 19 0.77
98 53 0.78
20 52 0.96
61 26 0.9
83 48 0.94
3 8 0.92
97 49 0.9
99 20 0.86
24 23 0.93
94 13 1.0
90 10 0.97
70 53 0.76
62 95 0.95
37 42 0.83
39 100 0.91
50 86 0.95
80 96 0.97
53 41 0.79
19 54 0.88
95 93 0.86
50 91 0.8
12 63 0.81
31 23 0.89
43 19 0.87
5 94 0.84
84 44 0.79
20 48 0.89
57 22 0.9
33 93 0.95
24 95 0.84
1 90 0.84
50 82 0.78
4 72 0.91
58 99 0.93
2 85 0.88
52 28 0.82
63 42 0.92
64 75 0.99
89 64 0.96
71 67 0.93
83 78 1.0
88 5 0.91
16 19 0.79
60 50 0.93
18 21 0.9
74 82 0.87
16 97 0.97
87 76 0.77
48 11 0.8
90 98 0.95
81 90 0.95
49 89 0.86
58 9 0.92
92 30 0.97
38 13 0.92
97 92 0.99
33 99 0.81
25 69 0.88
95 84 0.87
86 20 0.82
24 78 0.99
29 58 0.87
31 7 0.92
13 25 0.85
96 56 1.0
50 58 0.92
29 2 0.86
52 63 0.97
52 71 0.93
59 99 0.86
54 49 0.89
48 99 0.99
72 30 0.93
11 55 0.8
97 89 0.87
30 47 0.96
36 49 0.79
51 58 0.79
2 63 0.76
61 84 0.88
19 26 0.87
81 3 0.94
61 43 0.87
21 55 0.81
