200 400 50 10
34 1
60 58
57 39
7 97
35 92
96 10
20 93
37 75
98 76
57 99
34 44
11 10
55 98
77 13
38 88
31 30
30 18
2 87
23 58
57 92
22 56
61 63
92 58
48 99
39 89
86 2
76 64
63 6
33 57
41 33
39 24
52 3
84 91
29 21
34 42
23 33
79 91
17 36
70 16
55 33
65 79
28 84
99 93
88 100
64 97
19 14
69 16
63 13
56 1
74 69
11 89
85 78
53 21
56 18
44 80
51 30
11 92
95 61
51 47
88 47
19 93
79 40
91 74
11 68
96 90
46 78
91 91
25 15
90 72
18 55
96 48
64 3
94 30
30 51
59 60
61 44
11 73
22 90
68 75
26 78
80 2
17 0
4 93
100 43
43 20
62 75
88 54
53 27
63 65
78 52
61 58
86 4
73 88
31 98
15 41
74 33
63 77
41 16
56 95
15 54
4 49
2 68
32 54
91 54
25 81
28 41
74 8
48 63
48 53
83 72
65 39
67 89
80 86
28 68
4 55
44 68
96 18
2 22
43 58
78 14
78 31
65 53
42 72
56 22
27 88
5 83
44 67
63 80
76 100
100 51
58 33
81 57
91 12
65 34
8 92
98 3
27 6
19 15
30 97
19 45
0 88
9 73
80 84
91 87
0 18
77 90
72 78
71 96
15 99
6 92
12 86
41 98
19 37
13 66
46 14
100 14
85 36
6 94
24 36
96 62
32 27
80 21
31 80
98 30
68 58
38 17
16 18
5 15
95 49
33 11
60 32
19 20
77 10
22 1
14 53
45 48
79 81
6 27
99 79
76 89
2 88
26 1
34 64
54 87
70 72
56 43
29 30
81 60
54 37
76 93
86 75
18 26
33 9
45 53
58 14
59 58
58 94
72 43
15 66
4 82
88 40 1.0
15 87 0.91
6 51 0.75
93 35 0.76
44 18 0.96
50 46 0.83
4 48 0.81
7 73 0.77
36 71 0.81
5 35 0.84
66 34 0.79
77 91 0.91
34 32 0.87
17 12 0.91
25 54 0.88
54 78 0.94
8 68 0.9
82 100 0.75
74 23 0.75
67 66 0.84
88 52 0.85
1 98 0.93
6 98 0.92
55 74 0.97
32 99 0.78
25 97 0.94
97 0 0.82
56 93 0.75
48 9 0.76
84 48 0.92
3 29 0.92
36 11 1.0
84 67 0.85
77 92 0.86
72 51 0.87
26 37 0.89
26 79 0.88
24 54 0.86
40 62 0.97
48 84 0.86
39 82 0.92
9 31 0.94
54 83 0.91
61 40 0.76
59 61 0.83
10 70 0.87
31 10 0.93
82 98 0.83
90 87 0.8
71 80 0.8
18 57 0.84
65 22 0.97
28 12 0.99
55 52 0.92
60 61 0.84
91 27 0.88
3 39 0.94
14 96 0.95
1 48 0.96
21 49 0.8
16 69 0.94
56 29 0.94
58 60 0.89
17 26 0.98
44 88 0.96
96 34 0.82
67 20 0.75
20 7 0.8
66 85 0.8
27 95 0.84
98 29 0.92
57 48 0.98
13 13 0.98
100 65 0.78
56 6 0.9
92 3 0.82
60 30 0.97
28 66 0.82
95 2 0.78
21 99 0.96
14 46 0.98
87 33 0.84
33 49 0.94
65 42 0.85
41 4 0.78
49 7 0.97
76 97 0.83
74 90 0.77
45 28 0.93
84 25 0.95
71 9 0.95
69 46 0.77
30 65 0.86
91 89 0.97
16 47 0.79
76 60 0.83
12 92 0.91
14 1 0.9
45 76 0.77
32 4 0.99
92 86 0.94
52 70 0.93
94 18 0.91
7 38 0.79
55 97 0.91
18 58 0.8
15 34 0.8
98 32 1.0
63 44 0.76
86 39 0.83
30 91 0.79
62 72 0.79
53 24 0.86
54 7 0.78
61 20 1.0
90 75 0.96
64 99 0.89
87 1 0.86
93 42 1.0
64 41 0.84
56 79 0.98
16 76 0.98
38 95 0.76
2 40 0.91
43 11 0.8
95 52 0.95
73 47 0.8
65 86 0.92
60 29 0.86
62 50 0.9
40 100 0.81
32 52 0.96
53 68 0.79
62 60 0.84
9 47 0.9
19 94 0.91
5 28 0.94
28 6 0.75
19 81 0.89
78 3 0.81
10 76 0.8
32 42 0.77
46 85 0.96
82 44 0.81
81 15 0.96
6 12 0.76
9 92 0.97
44 97 0.83
45 16 0.97
27 3 0.77
28 96 0.96
50 90 0.9
34 71 0.84
72 65 0.78
57 52 0.97
34 0 0.89
57 19 0.83
16 43 0.94
39 26 0.99
19 92 0.93
84 33 0.99
96 92 0.93
69 48 0.89
18 13 0.99
72 92 0.94
21 66 0.82
64 45 0.8
50 86 0.75
36 7 0.98
59 65 0.87
7 76 0.89
5 79 0.86
85 89 0.85
18 28 0.92
78 33 0.92
31 85 0.86
6 1 0.94
14 68 0.75
6 49 0.79
34 94 0.91
24 27 0.82
3 20 0.92
29 39 0.83
30 39 0.79
75 14 1.0
83 13 0.98
24 68 0.96
91 98 0.91
98 43 0.87
49 78 0.76
62 78 0.93
20 68 0.9
10 30 0.9
59 99 0.95
32 7 0.8
74 1 0.76
15 15 0.98
28 4 0.8
88 43 0.99
7 86 0.97
98 33 0.8
7 58 0.89
92 100 0.96
56 91 0.9
32 45 0.9
47 16 0.85
27 35 0.75
52 80 0.92
48 28 0.91
1 7 0.77
64 55 0.79
99 100 0.86
34 75 0.75
68 29 0.87
93 88 0.75
32 36 0.79
98 14 0.99
71 63 0.88
11 81 0.86
17 5 0.91
4 0 0.8
96 38 0.8
62 24 0.82
59 3 0.8
18 64 0.96
4 99 0.98
75 67 0.99
7 4 1.0
96 15 0.89
97 50 0.91
85 43 0.84
26 32 0.93
13 52 0.8
11 24 0.8
33 55 0.91
36 36 0.88
30 75 0.86
84 74 0.91
57 4 0.77
30 44 0.75
76 32 0.76
12 2 0.95
18 62 0.96
65 83 0.92
79 48 0.84
78 6 0.93
21 61 0.9
87 92 0.75
5 22 0.99
85 40 0.88
21 24 0.78
5 19 0.99
27 70 0.76
66 79 1.0
23 89 0.9
31 53 1.0
57 94 0.87
30 82 0.79
99 17 0.93
7 79 0.76
76 33 0.93
99 89 0.83
13 31 0.98
59 46 0.83
53 37 0.79
71 64 0.77
84 10 0.99
15 37 0.99
44 32 1.0
9 5 0.77
40 99 0.76
94 43 0.87
41 57 0.92
31 2 0.91
83 31 0.82
95 44 0.98
33 13 0.86
79 7 0.88
69 87 0.95
54 99 0.93
70 54 0.76
70 3 0.87
80 96 0.9
72 50 0.95
17 21 0.79
0 53 0.94
35 57 0.89
32 69 0.81
51 95 0.95
60 33 0.85
46 79 0.95
12 91 0.94
55 57 1.0
25 100 0.96
68 95 0.83
77 54 0.76
0 30 0.95
28 60 0.85
72 35 0.77
71 4 0.79
17 7 0.8
52 56 0.98
31 100 0.84
13 11 0.93
90 31 0.83
45 13 0.98
25 64 0.94
47 15 0.98
39 23 0.92
88 36 0.97
99 64 0.84
28 10 0.89
40 31 0.77
64 85 0.97
2 90 0.98
50 85 0.92
26 98 0.84
89 88 0.96
3 88 0.82
30 26 0.95
38 87 0.75
88 46 0.89
44 98 0.82
36 27 0.8
15 4 0.92
86 0 0.84
88 49 0.79
77 78 0.97
73 82 0.79
79 32 0.89
25 25 0.99
71 58 1.0
28 37 0.92
64 49 0.9
86 78 0.89
0 0 0.91
34 76 1.0
24 94 0.89
36 9 0.96
73 37 0.82
62 42 0.9
7 99 0.97
0 56 0.9
57 36 0.93
55 85 0.83
93 72 0.86
55 79 0.93
94 67 0.82
1 88 0.9
10 37 0.85
62 59 0.93
42 55 0.98
28 81 0.91
26 38 0.77
78 81 0.87
54 65 0.79
88 83 0.85
45 43 0.78
9 12 0.78
28 80 0.8
93 97 0.96
19 41 0.79
40 28 0.81
28 86 0.81
27 12 0.85
69 33 0.89
74 71 0.82
18 78 0.82
37 0 0.84
48 27 0.99
41 17 0.79
10 81 0.9
18 63 0.97
52 50 0.82
33 24 0.93
57 6 0.94
92 24 0.96
45 6 0.77
98 98 0.81
71 43 1.0
67 16 0.83
61 90 0.88
3 90 0.86
21 85 0.84
84 99 0.91
30 33 0.77
56 70 0.85
43 73 0.88
75 80 0.84
96 5 1.0
6 81 0.97
34 88 0.79
74 9 0.85
91 88 0.91
76 37 0.76
30 84 0.95
59 54 0.8
52 77 1.0
68 44 0.97
76 26 0.84
