200 400 50 10
79 24
11 58
70 7
58 76
9 97
99 24
62 3
87 46
54 41
91 63
90 31
67 73
15 16
96 89
49 51
97 25
89 92
82 52
33 31
100 56
0 30
76 41
28 24
32 74
39 95
80 17
23 19
92 0
53 30
53 10
80 89
48 93
3 89
20 72
83 95
60 32
66 7
76 91
100 36
24 61
68 89
99 49
24 15
29 77
94 2
6 83
15 69
14 80
84 11
50 13
28 100
0 32
21 82
7 53
47 47
60 11
8 97
28 28
25 12
88 97
41 52
19 95
7 67
49 71
10 12
34 34
26 71
45 49
74 98
10 34
17 82
36 85
38 11
80 34
38 40
86 20
50 18
56 32
53 72
72 18
41 12
30 32
0 50
36 45
89 6
11 46
48 55
65 34
82 12
46 23
85 45
16 16
69 98
17 31
15 65
9 42
71 63
86 75
98 53
41 49
57 8
98 59
71 23
48 65
76 48
84 71
60 21
27 98
15 59
18 58
35 81
25 22
95 64
59 33
82 11
9 21
21 58
85 15
84 27
50 60
18 15
87 67
21 35
35 69
45 90
4 66
53 32
32 69
13 26
54 100
79 84
73 72
96 34
33 23
82 5
12 92
12 80
43 3
34 56
44 79
40 68
80 88
22 70
57 17
14 35
18 48
57 72
46 33
68 2
57 40
22 34
94 60
93 81
84 33
37 70
74 89
80 69
34 46
30 62
34 23
89 39
1 94
43 37
39 3
14 28
42 77
33 82
96 55
18 5
92 39
86 43
91 46
48 12
85 21
27 28
79 29
96 93
91 90
25 90
87 21
96 35
90 32
91 84
26 69
46 100
15 83
7 81
73 38
94 3
73 7
56 0
52 10
60 71
90 95
66 31
6 60
5 56
2 20
71 1
46 24
17 94 0.89
81 44 0.93
74 1 0.99
69 7 0.93
72 57 0.79
27 81 0.76
2 10 0.95
56 87 0.85
83 70 0.84
23 41 0.84
58 15 0.81
48 71 0.77
59 59 0.78
11 55 0.82
14 73 0.79
70 62 0.77
71 35 0.85
6 50 0.9
23 87 0.84
14 89 0.91
92 65 0.78
79 9 0.88
36 9 0.84
96 68 0.8
14 84 0.78
67 94 0.92
2 97 0.83
57 60 0.96
56 57 0.87
65 25 0.92
16 52 0.99
97 31 0.96
59 4 0.98
23 38 0.86
5 48 0.79
54 49 0.95
17 99 0.78
41 11 0.94
16 89 0.75
65 38 0.81
5 37 0.85
83 66 0.95
10 80 0.98
47 40 0.97
86 12 0.83
43 47 0.81
97 16 0.75
9 50 0.83
93 9 0.98
92 79 0.85
32 75 0.97
56 45 0.86
2 71 0.99
63 37 0.81
68 83 0.8
43 99 0.95
81 99 0.99
68 29 0.84
31 34 0.87
53 97 0.96
49 25 0.98
57 56 0.82
34 74 0.77
24 93 0.77
21 40 0.92
94 11 0.85
17 8 0.81
83 21 0.89
80 20 0.86
67 68 0.96
85 53 0.83
66 89 0.8
59 21 0.92
87 51 0.9
1 22 0.93
54 42 0.97
63 77 0.86
68 14 0.89
9 79 0.86
76 72 0.81
70 32 0.76
83 91 0.92
3 43 0.93
5 59 0.92
6 1 0.82
79 42 0.78
62 21 0.84
60 31 0.79
86 13 0.77
77 74 0.8
98 56 0.96
36 74 0.84
6 73 0.99
60 62 0.95
91 32 0.8
15 34 0.93
30 100 0.79
67 48 0.96
82 72 0.97
71 31 0.82
56 22 0.81
27 63 0.82
82 83 0.87
8 55 0.9
68 40 0.75
49 44 0.89
64 4 1.0
42 66 0.93
43 6 0.84
55 59 0.82
41 86 0.98
69 64 0.97
26 58 0.8
68 70 0.86
14 4 1.0
73 78 0.88
74 69 1.0
94 94 1.0
49 50 0.84
36 22 0.78
95 75 0.96
45 54 0.96
28 71 0.83
58 19 0.83
95 4 0.89
76 47 0.92
69 76 0.92
88 16 0.95
3 17 0.84
95 62 0.85
32 73 0.76
83 98 1.0
15 95 1.0
26 28 0.96
73 15 0.8
82 14 0.82
23 75 0.81
84 24 0.83
1 84 0.92
39 33 0.76
42 23 0.98
69 9 0.8
97 84 0.94
22 37 0.92
84 56 0.99
97 67 0.78
100 86 0.97
69 1 0.85
82 23 0.81
23 79 0.99
67 71 0.79
99 80 0.91
91 50 1.0
39 88 0.83
73 84 0.92
91 98 0.8
66 92 0.95
67 74 1.0
45 53 0.82
27 29 0.95
50 5 1.0
17 51 0.83
39 82 0.87
34 89 0.85
58 5 0.8
56 77 0.77
45 94 0.96
44 88 0.89
51 79 0.92
86 59 1.0
79 44 0.97
77 65 0.89
97 52 0.85
70 100 0.96
24 88 0.96
22 86 0.94
53 52 0.79
22 27 0.84
80 93 0.8
75 27 0.97
96 77 0.96
38 1 0.78
92 31 0.77
93 96 0.83
76 74 0.94
8 67 0.96
91 60 0.79
2 24 0.76
92 84 0.82
66 30 0.98
58 35 0.88
61 41 0.88
13 1 0.9
66 84 0.76
20 27 0.94
72 76 0.81
71 84 0.77
21 57 0.88
69 17 0.85
87 90 0.77
21 7 0.96
89 46 0.95
65 21 0.89
50 95 0.91
65 95 0.87
85 98 0.75
36 77 0.92
53 82 0.92
31 66 0.79
49 4 0.81
97 36 0.96
8 52 1.0
84 48 0.87
68 58 0.97
51 11 0.75
36 20 0.81
54 55 0.88
38 0 0.94
7 21 0.96
11 72 0.77
73 6 0.92
68 79 0.8
12 23 0.81
29 56 0.78
63 35 0.84
49 17 0.77
42 57 0.9
60 91 0.86
55 58 1.0
40 57 0.91
62 92 0.78
44 98 0.99
16 82 0.97
72 20 0.87
61 66 0.97
87 24 0.84
17 48 0.99
53 2 0.9
80 48 1.0
73 43 0.99
50 62 0.81
86 91 0.81
68 5 0.75
11 33 0.76
83 42 0.93
82 25 0.95
78 46 0.97
48 91 0.98
59 13 0.85
55 66 0.87
45 65 0.79
35 27 0.97
52 12 0.8
27 42 0.97
58 71 0.92
40 48 0.94
72 0 0.89
71 46 0.95
14 90 0.83
12 93 1.0
57 46 0.98
98 52 0.87
12 91 0.93
27 74 0.93
75 73 0.84
95 69 0.76
51 14 0.92
47 83 0.88
81 75 0.96
69 95 0.9
0 71 1.0
63 98 0.89
85 85 0.78
1 67 0.82
81 67 0.76
5 50 0.91
48 84 0.97
49 65 0.95
91 25 0.91
54 35 0.89
12 9 0.85
51 9 0.77
90 48 0.98
15 25 0.78
19 43 0.92
63 48 1.0
27 97 0.93
67 54 0.79
96 47 0.91
39 37 0.87
77 97 0.9
12 35 0.8
33 44 0.8
6 21 0.94
61 32 0.75
8 93 0.95
36 12 0.94
66 0 0.85
90 1 0.77
13 19 0.85
2 45 0.81
78 84 0.92
38 3 0.86
79 46 0.82
89 37 0.8
47 74 0.78
38 53 0.75
53 94 0.79
19 90 0.77
74 33 0.83
33 41 0.82
22 65 0.96
17 36 0.98
52 94 0.92
7 96 1.0
15 29 0.81
56 73 0.76
71 99 0.79
99 75 0.75
37 17 0.83
53 51 0.96
99 9 0.85
87 35 0.88
76 62 0.88
29 6 0.87
68 97 0.79
39 60 0.87
34 0 0.92
62 77 0.83
88 52 0.93
85 72 0.82
63 39 0.97
55 40 0.76
60 60 0.89
49 30 0.84
45 88 1.0
28 32 0.78
60 88 0.79
77 62 0.8
99 42 0.87
49 90 0.83
13 23 0.85
44 36 0.78
21 14 0.78
74 59 1.0
100 67 0.93
27 89 0.78
78 88 0.75
55 84 0.75
47 80 0.86
9 96 0.79
33 97 0.96
2 78 1.0
46 28 0.81
59 8 0.96
54 58 0.91
19 37 0.93
97 42 0.92
29 84 0.81
18 81 0.78
2 2 0.83
34 52 0.95
46 1 0.88
29 10 0.79
45 37 0.99
34 35 0.99
70 80 0.99
11 42 0.91
45 83 1.0
66 45 0.89
49 2 0.83
56 91 0.91
62 78 0.98
29 14 0.86
97 85 0.96
55 67 0.77
23 81 0.97
19 78 0.92
7 75 0.75
94 75 0.86
1 95 0.91
22 81 0.78
42 61 0.9
63 90 0.9
94 41 0.97
23 21 0.9
5 33 0.85
57 50 0.77
88 5 0.92
74 24 0.91
62 18 0.83
11 85 0.77
2 43 0.89
81 6 0.83
46 74 0.96
23 40 0.9
50 32 0.93
56 80 0.87
76 14 0.82
9 23 0.86
