200 400 50 10
83 2
82 84
22 91
0 30
35 63
60 12
17 48
50 90
83 93
68 89
73 80
22 62
22 25
73 28
85 100
36 72
12 18
29 53
49 10
60 83
29 28
66 60
66 6
3 8
63 83
28 50
59 63
100 85
26 52
2 96
43 0
12 49
22 93
39 7
29 10
32 13
33 99
68 98
72 52
35 43
4 58
61 6
53 28
81 27
50 78
75 2
76 77
30 100
86 96
85 20
67 36
87 90
3 23
28 2
72 37
11 70
47 45
38 69
98 39
28 74
64 88
75 74
94 61
85 14
62 4
59 23
6 18
15 98
28 76
76 76
85 39
84 56
97 20
46 32
11 39
59 12
9 20
18 51
38 1
5 21
53 42
14 3
16 82
60 87
17 2
66 5
35 24
17 83
94 57
89 45
39 75
49 32
56 11
10 56
9 38
39 33
7 9
62 74
32 94
75 84
93 3
76 17
13 27
48 72
38 38
8 76
82 33
90 55
29 58
67 75
51 26
88 10
54 59
2 7
39 55
39 6
50 45
96 62
32 26
83 100
42 38
30 47
48 63
72 67
31 21
14 16
46 93
100 58
41 34
3 48
66 66
80 9
10 96
8 92
71 42
54 66
1 64
88 73
57 72
33 16
59 70
59 32
67 6
70 11
49 45
86 39
79 20
58 41
95 40
75 7
91 40
26 16
86 57
76 37
52 75
87 21
64 76
7 49
2 92
51 68
72 40
31 28
91 21
71 32
41 77
61 1
20 54
2 95
42 8
84 54
56 94
54 68
64 82
46 19
69 1
49 96
56 59
72 61
25 46
8 96
66 41
98 18
36 75
69 44
68 77
78 72
91 36
43 35
98 99
12 21
61 7
62 5
93 10
46 35
39 89
53 41
100 57
53 12
29 3
19 85
21 61 0.77
43 85 0.8
47 27 0.86
44 19 0.78
28 83 0.91
44 65 0.83
39 13 0.94
37 4 0.98
78 75 0.77
17 59 0.85
16 53 0.77
12 11 0.88
12 48 0.93
21 70 0.76
53 9 0.99
24 44 0.93
95 94 0.9
49 2 0.96
89 11 0.78
84 53 0.83
25 44 0.98
0 91 0.98
74 74 0.83
50 35 0.82
98 80 0.81
67 97 0.95
72 25 0.83
67 72 0.79
33 68 0.82
25 92 0.76
2 8 0.93
100 65 0.97
41 31 0.79
39 40 0.93
43 14 0.81
23 44 0.81
34 55 0.87
47 75 0.8
84 65 0.79
61 0 1.0
49 27 0.97
56 83 1.0
63 100 0.97
31 44 0.92
100 98 0.84
65 75 0.79
26 58 0.8
67 88 0.99
73 75 0.89
54 45 0.9
71 80 0.97
63 75 0.89
53 92 0.88
54 14 0.82
60 50 0.85
16 41 0.9
95 55 0.78
18 86 0.92
75 22 0.8
17 81 0.82
95 89 0.93
42 31 0.76
32 32 0.86
2 97 0.81
19 42 0.81
95 95 0.95
52 37 0.92
49 47 0.93
71 31 0.77
5 14 0.94
96 33 0.83
59 84 0.89
70 47 0.94
31 71 0.78
35 28 1.0
64 10 0.91
17 80 0.76
36 58 0.95
48 5 0.9
83 4 0.92
88 20 0.9
0 45 0.77
32 98 0.84
79 22 0.96
39 18 0.86
13 5 0.84
90 20 0.96
15 24 0.95
77 16 0.82
6 12 0.76
17 7 0.91
47 61 0.87
18 57 0.82
30 95 0.94
9 59 0.75
15 42 0.9
71 38 0.93
45 25 0.99
65 37 0.78
36 6 0.82
95 52 0.75
5 47 0.86
85 98 0.88
69 93 0.86
8 30 0.87
84 78 0.98
81 28 0.77
0 28 0.84
49 26 0.95
75 9 0.98
11 10 0.94
27 3 0.97
16 50 0.79
37 79 0.85
86 58 0.96
94 66 0.79
97 71 0.95
39 38 0.83
71 34 0.95
91 24 0.88
73 14 0.86
46 18 0.97
47 92 0.97
40 98 0.86
40 77 0.86
4 88 0.76
74 45 1.0
64 14 0.91
56 96 0.97
97 38 0.93
0 95 0.87
13 97 0.83
91 56 0.82
92 7 0.77
52 94 0.76
66 53 0.86
95 50 0.78
4 29 0.79
15 38 0.82
82 74 0.79
50 31 0.75
82 67 0.9
81 93 0.8
1 79 0.95
72 86 0.91
100 27 0.78
47 67 0.82
23 95 0.8
31 38 0.88
76 87 0.94
74 94 0.86
58 68 0.9
5 55 0.85
22 10 0.95
48 67 0.84
1 72 0.75
2 66 0.77
44 97 0.92
13 46 0.83
34 68 0.88
33 92 0.98
15 3 0.86
37 62 0.82
97 94 0.87
6 85 0.84
85 0 0.98
32 45 0.81
84 29 0.88
26 59 0.81
25 95 0.81
49 66 0.75
54 29 0.76
57 67 0.79
43 26 0.82
49 15 0.9
54 90 0.87
8 7 0.86
78 37 0.82
17 43 0.9
51 63 0.95
80 68 0.87
93 50 0.96
69 22 0.99
63 87 0.82
62 6 0.95
0 10 0.91
79 51 0.91
21 58 0.78
50 53 0.87
89 24 1.0
82 44 0.89
26 22 0.95
17 15 0.85
44 51 1.0
21 3 0.85
11 25 0.88
56 47 1.0
82 11 0.76
14 65 0.79
96 2 0.95
19 5 0.91
87 64 0.9
36 34 0.89
21 55 0.8
70 72 0.77
44 48 0.89
90 74 0.95
23 71 0.86
3 45 0.75
90 48 0.75
21 73 0.88
80 54 0.97
53 66 0.97
57 74 0.89
0 5 0.88
51 58 0.9
50 57 0.79
15 8 0.92
98 56 0.75
11 59 0.83
69 60 0.82
31 64 0.82
9 39 0.91
100 39 0.79
20 93 0.9
48 48 0.89
77 89 0.91
63 11 0.84
11 86 0.77
31 84 0.78
14 18 0.75
2 78 0.89
75 56 0.8
0 92 0.78
46 6 0.96
78 10 0.76
7 72 0.83
12 20 0.79
5 23 0.75
10 82 0.76
45 91 0.75
3 78 0.89
92 69 0.93
21 16 0.84
92 0 0.86
25 64 0.99
76 24 0.91
88 94 0.87
62 63 0.85
94 31 0.92
22 80 0.96
67 35 0.96
41 33 0.84
66 26 0.91
41 6 0.85
54 99 0.99
51 72 0.81
51 83 0.76
14 85 0.87
83 35 1.0
51 7 0.86
17 4 0.98
73 23 0.76
8 9 0.89
55 54 0.91
79 8 0.83
12 23 0.88
91 4 0.97
24 62 0.86
52 56 0.94
78 7 0.87
88 28 0.92
71 76 1.0
67 42 0.85
17 86 0.91
26 38 0.88
41 68 0.79
11 90 0.75
75 72 1.0
79 52 0.92
70 58 0.97
62 21 0.98
29 32 0.79
40 81 0.85
21 36 0.93
34 77 0.8
47 84 0.99
15 94 0.79
99 30 0.8
5 22 1.0
75 46 0.96
0 89 0.89
29 7 0.96
48 38 0.99
93 83 0.96
51 65 0.79
88 15 0.83
59 17 0.77
13 14 0.99
39 67 0.99
40 22 0.99
6 48 0.84
19 98 0.75
63 64 0.91
10 5 0.94
50 97 0.91
32 8 0.98
43 50 0.92
34 48 1.0
1 39 0.77
18 66 0.92
52 40 0.75
3 90 0.84
37 71 0.81
79 74 0.92
94 10 0.87
20 19 0.95
22 17 0.97
63 78 0.95
52 72 0.95
69 38 0.89
46 46 0.77
63 85 0.91
15 34 0.9
14 82 0.81
77 76 0.84
26 13 0.82
95 90 0.75
84 4 0.83
17 66 0.92
82 3 0.81
50 37 0.95
16 67 0.81
80 85 0.8
96 74 0.83
90 95 0.99
80 21 0.95
44 52 0.75
85 78 0.89
58 95 0.96
100 45 0.84
98 89 0.91
12 24 0.98
96 93 0.9
56 52 0.77
8 34 1.0
71 67 0.92
79 95 0.95
47 74 0.75
7 69 0.77
28 57 0.8
36 71 0.89
74 55 0.94
68 1 0.83
33 42 0.84
19 82 0.8
99 46 0.97
18 68 0.89
89 92 0.85
90 0 0.88
81 61 0.75
99 17 0.77
66 4 0.84
17 38 0.88
56 70 0.95
56 42 0.84
75 6 0.84
30 7 0.96
38 51 0.86
82 35 0.92
20 32 0.83
96 72 0.83
23 30 0.88
68 35 0.88
19 39 0.82
19 31 0.87
87 99 0.97
33 51 0.75
93 76 0.78
16 68 0.81
71 13 0.89
83 43 0.92
74 59 0.88
86 21 0.91
68 96 0.94
73 69 0.81
13 62 0.75
2 90 0.81
53 74 0.94
12 22 0.78
74 5 0.83
91 74 0.88
29 91 0.87
87 69 0.79
73 91 0.77
78 61 0.98
20 13 1.0
38 86 0.89
16 51 0.8
61 53 0.8
