200 400 50 10
3 97
7 81
79 8
57 47
82 61
62 12
91 40
73 3
38 19
89 46
47 18
35 52
10 34
91 4
67 59
56 2
2 37
99 63
14 31
68 71
62 69
54 51
65 75
73 67
14 83
99 60
5 92
93 59
72 65
4 33
28 42
56 39
99 41
11 45
100 82
61 68
23 48
78 70
32 34
3 80
89 30
34 78
59 34
91 100
84 64
3 31
13 94
56 78
88 40
12 31
57 50
81 25
96 11
71 95
64 11
74 61
47 74
51 95
58 26
91 2
26 10
80 96
87 96
1 91
95 66
42 7
97 55
18 73
76 83
94 60
66 83
69 41
10 35
70 86
61 32
30 56
1 90
64 86
86 58
89 47
94 7
10 36
55 72
15 83
37 46
7 52
91 81
79 85
42 99
37 8
7 56
89 61
82 3
10 90
63 33
9 66
5 9
81 85
92 69
54 33
9 92
54 37
4 62
47 35
60 21
83 0
14 54
45 27
100 83
45 43
43 63
77 47
38 3
32 21
12 20
95 25
1 21
20 48
58 95
93 67
3 94
43 68
73 28
79 67
86 60
97 10
83 43
53 70
2 30
61 40
64 25
41 9
87 86
56 26
41 50
44 29
38 33
19 96
65 30
24 34
84 44
27 86
50 62
10 58
20 95
68 39
59 50
15 19
44 8
74 7
63 83
62 27
14 78
8 43
79 82
18 14
22 22
66 26
69 19
9 87
66 64
47 4
3 81
11 71
38 72
0 23
64 45
14 100
48 1
86 32
93 36
10 81
54 26
84 48
90 84
86 29
13 75
86 11
85 49
95 88
45 57
26 13
99 95
69 98
96 39
25 95
51 55
69 80
36 62
63 52
98 55
76 70
43 3
62 39
34 37
16 6
51 13
71 12
70 50
80 75
96 56 0.92
96 6 0.9
8 45 0.87
52 6 0.91
34 50 0.79
89 31 0.89
88 31 0.77
1 42 0.97
24 68 0.76
25 49 0.8
92 26 0.79
83 17 0.79
92 65 0.9
14 97 0.83
48 81 0.78
28 5 0.82
37 1 0.98
57 60 0.89
57 79 0.88
17 91 0.82
28 64 0.76
85 73 0.93
87 74 0.93
79 83 0.78
77 25 0.98
72 43 0.81
34 2 0.9
52 89 0.84
85 97 1.0
22 58 0.98
47 83 0.93
3 15 0.85
13 4 0.88
10 51 0.98
15 92 0.97
91 32 0.85
73 66 0.84
74 78 0.87
9 24 0.92
78 41 0.75
68 68 0.81
97 64 1.0
56 4 0.8
16 50 0.96
3 25 0.94
46 24 0.9
8 21 0.87
69 82 0.86
55 58 0.91
99 39 0.9
10 0 0.79
44 45 0.8
91 80 0.85
57 2 0.86
56 0 0.89
48 52 0.92
36 25 0.84
49 56 0.98
100 64 0.93
30 45 0.95
39 85 0.97
40 27 0.79
23 76 0.94
95 18 0.78
24 100 0.86
7 70 0.8
17 73 0.85
6 20 0.87
93 33 0.81
83 9 0.97
15 42 0.8
69 29 0.92
71 89 1.0
75 60 0.9
93 91 0.98
45 6 0.84
79 35 0.85
25 64 0.92
87 67 0.84
90 42 0.84
27 12 0.8
9 8 0.81
54 50 0.91
87 31 0.83
33 39 0.9
89 89 0.83
82 45 0.97
83 8 0.93
2 100 0.88
10 55 0.9
7 67 0.81
69 21 0.86
58 54 0.94
20 35 0.87
23 74 0.99
82 70 0.78
46 86 0.81
35 51 0.79
42 54 0.78
86 81 0.81
13 18 0.89
31 81 0.98
83 94 0.78
28 54 0.84
75 5 0.9
60 14 0.77
70 58 0.98
72 33 0.77
6 0 0.8
16 47 0.89
93 81 0.98
41 29 0.79
36 73 0.88
12 72 0.98
100 81 0.83
23 16 0.88
55 31 0.91
10 75 0.76
7 72 0.96
99 93 0.76
60 45 0.99
39 1 0.83
68 35 0.91
4 78 1.0
36 64 0.92
53 87 0.81
48 15 0.9
63 2 0.88
69 92 0.79
6 91 0.99
63 67 0.96
45 74 0.79
45 63 0.91
18 63 0.76
90 37 0.97
93 86 0.98
79 23 0.9
61 37 0.92
13 93 0.9
36 6 0.91
95 50 0.84
29 81 0.98
66 88 0.77
81 53 1.0
11 78 0.87
93 65 0.8
24 46 0.86
46 5 0.85
65 37 0.79
98 12 0.81
52 100 0.97
17 66 0.97
5 60 0.93
42 63 0.88
66 31 0.99
52 16 0.86
55 13 0.95
45 58 0.85
95 26 0.96
22 90 0.94
18 32 0.92
56 83 0.9
5 19 0.87
33 5 0.81
75 67 0.91
33 78 0.84
42 78 0.82
34 30 0.95
30 43 0.79
1 85 0.95
95 58 0.97
58 7 0.79
36 49 0.77
56 23 0.83
94 42 0.97
36 44 0.84
55 23 0.96
13 59 0.92
54 95 0.97
10 57 0.87
89 20 0.91
16 44 0.93
10 54 0.84
11 94 0.79
48 83 0.99
31 32 0.77
85 81 0.95
11 85 0.89
57 84 0.9
68 18 0.98
85 40 0.95
10 72 0.86
39 68 0.84
74 59 0.81
23 20 0.79
60 92 0.8
73 23 0.85
72 86 0.84
62 21 0.82
37 49 0.78
76 98 0.81
45 18 0.81
55 46 0.86
9 54 0.82
100 56 0.95
60 47 0.87
72 79 0.85
21 46 0.89
37 61 0.86
44 40 0.83
100 57 0.87
28 47 0.77
50 47 0.77
73 29 0.76
7 88 0.9
86 80 0.87
55 64 0.98
62 57 0.95
14 41 1.0
83 97 1.0
96 100 0.94
1 4 0.8
54 5 0.92
31 98 0.92
85 34 0.76
85 43 0.79
8 40 0.81
36 4 0.88
68 25 0.79
21 13 0.76
44 59 0.88
33 24 0.91
76 67 0.82
88 64 0.94
17 41 0.93
58 30 0.78
15 77 0.89
1 49 0.9
95 30 0.86
14 60 0.96
92 17 0.83
49 97 0.94
97 58 0.88
72 9 0.77
31 12 0.81
28 49 0.82
49 67 0.81
25 67 0.99
49 10 0.93
90 46 0.96
91 79 0.8
96 58 0.83
73 38 0.84
92 97 0.93
61 91 0.76
53 80 0.86
42 53 0.8
7 84 0.98
52 59 0.76
1 43 0.78
65 96 0.77
59 10 0.98
7 17 0.92
22 36 0.9
25 27 0.9
57 93 0.8
16 53 0.96
98 19 0.75
85 77 0.92
89 70 0.87
33 13 0.77
49 39 0.82
51 40 0.75
92 41 0.99
91 10 0.8
77 97 0.91
94 61 0.8
24 98 0.93
17 47 0.85
95 39 0.94
32 68 0.91
10 78 0.92
90 12 0.78
56 3 1.0
84 36 0.98
24 0 0.79
49 92 0.84
14 81 0.84
68 22 0.86
38 46 0.85
91 53 0.75
95 44 0.88
89 99 0.97
4 61 0.75
10 76 0.8
32 13 0.91
17 15 0.89
38 95 0.96
61 86 0.82
0 98 0.77
13 82 0.86
62 58 0.89
87 91 0.8
31 8 0.98
27 85 0.9
45 99 0.83
51 56 0.76
23 6 0.95
91 74 0.79
42 100 0.88
2 23 0.88
20 96 0.75
91 36 0.96
44 68 0.96
40 82 0.78
67 19 0.96
87 78 0.77
21 27 0.94
34 19 0.89
41 59 0.89
39 59 0.83
19 88 0.95
5 64 0.82
93 68 0.88
97 98 0.89
59 17 0.79
53 6 0.96
5 53 0.88
68 0 0.79
20 21 0.76
3 71 0.88
6 45 0.99
39 0 0.87
5 12 0.76
16 77 0.76
50 33 1.0
24 27 0.86
15 94 0.97
28 79 0.91
22 78 0.88
42 70 0.91
92 44 0.77
60 60 1.0
6 98 0.85
78 93 0.75
69 97 0.78
86 20 0.79
57 54 0.86
93 53 0.99
23 24 0.86
7 23 0.82
68 13 0.89
30 39 0.75
91 98 0.88
63 98 0.94
51 73 0.78
73 32 0.97
12 90 0.91
1 7 0.76
2 79 0.78
56 29 0.91
13 33 0.86
7 44 0.75
46 85 0.94
13 88 0.89
55 42 0.82
74 63 0.97
11 10 0.97
44 83 0.87
77 13 0.94
90 60 0.78
9 17 0.95
63 51 0.99
22 23 0.94
23 33 0.78
1 45 0.99
68 43 0.86
34 82 0.78
24 83 0.77
48 3 0.81
55 82 0.87
94 22 0.9
26 82 0.91
78 68 0.88
87 84 0.88
82 48 0.8
91 86 0.95
31 70 0.9
30 79 0.8
28 60 0.91
67 21 0.79
57 21 0.9
69 84 0.97
71 100 0.79
12 80 0.85
34 74 0.75
3 43 1.0
50 96 0.94
72 1 0.98
26 57 0.93
