200 400 50 10
10 63
86 32
94 80
12 68
88 74
3 51
40 69
15 26
42 3
0 20
97 84
92 92
97 92
27 96
78 6
44 97
55 1
14 84
16 71
27 62
10 61
98 48
48 41
19 55
3 25
55 70
0 93
86 12
38 30
56 25
2 10
24 66
65 14
80 29
95 49
59 25
61 88
44 53
16 36
76 6
64 66
37 35
2 15
77 99
42 54
76 59
81 85
16 74
79 78
92 5
65 26
54 47
72 62
65 22
63 76
59 11
47 77
62 43
97 19
36 87
75 42
90 38
27 55
84 75
76 28
69 99
87 77
85 84
49 68
2 44
44 78
11 50
40 45
55 0
8 67
8 98
98 16
97 34
60 80
85 75
19 63
76 85
7 9
40 50
33 73
54 83
41 13
53 37
74 57
100 18
37 56
85 2
79 51
5 95
21 38
37 73
70 9
35 57
30 80
8 60
72 46
64 77
97 25
12 63
65 41
1 82
77 98
83 96
27 86
91 42
1 48
100 37
8 92
94 71
85 79
8 39
8 93
3 33
45 51
3 87
76 69
9 44
2 97
24 23
87 94
10 56
36 24
25 32
45 77
36 7
52 77
43 1
53 48
71 5
61 49
38 0
58 1
11 97
63 72
76 72
25 66
10 58
21 49
11 45
5 65
38 3
75 39
12 54
90 77
39 98
86 18
73 87
29 78
89 73
83 68
67 98
14 36
0 55
36 0
73 98
42 43
84 27
68 76
33 58
15 93
34 46
94 85
89 8
12 56
74 54
81 83
63 6
71 4
43 75
88 0
35 63
48 38
92 69
97 14
51 16
13 91
75 21
10 82
13 64
89 95
58 13
46 61
8 11
74 91
5 12
26 71
14 32
87 31
97 38
87 34
91 91
85 30
45 44
35 32
95 67
63 90 0.75
12 37 0.89
33 94 0.89
99 18 0.94
52 69 0.87
34 32 0.98
9 78 0.8
87 24 0.81
63 64 0.85
55 43 0.78
77 8 0.8
22 9 0.91
6 51 0.88
76 4 0.79
32 66 0.93
79 62 0.89
50 15 0.83
30 68 0.83
23 66 0.87
63 92 0.94
54 81 0.82
47 1 0.98
62 1 0.76
79 90 0.91
30 38 0.94
5 94 0.86
96 78 0.86
39 46 0.9
81 87 0.92
86 77 0.79
13 59 0.81
74 76 0.88
27 0 0.9
56 40 0.85
32 100 0.9
98 3 0.85
5 75 0.91
31 57 0.94
50 4 0.95
39 21 0.89
10 100 0.87
99 92 0.75
55 42 0.75
38 2 0.87
16 97 0.87
85 91 0.75
75 72 0.78
27 75 0.88
33 22 0.84
14 78 0.75
19 23 0.79
64 46 0.85
55 85 0.83
9 6 0.83
48 49 0.97
47 15 0.97
93 73 0.93
91 90 0.96
66 39 0.84
54 32 0.82
51 4 0.81
70 34 0.93
97 37 0.86
32 80 1.0
32 73 0.92
91 26 0.9
6 58 0.87
85 4 0.88
12 65 0.94
47 58 0.82
91 72 0.89
74 43 0.85
62 83 0.99
90 19 0.8
5 15 0.83
72 41 0.98
98 41 0.95
73 16 0.92
16 93 0.9
25 56 0.77
61 17 0.87
35 14 0.78
25 92 0.97
64 54 0.98
66 83 0.84
31 32 0.99
85 49 0.97
55 33 0.88
91 94 0.76
72 7 0.86
64 47 0.76
28 62 0.89
7 27 0.82
81 98 0.88
49 37 0.82
30 65 1.0
95 81 0.89
53 95 0.8
57 11 0.75
18 84 0.97
55 6 0.78
88 68 0.82
62 52 0.78
79 26 0.76
46 78 0.97
0 17 0.93
36 15 0.89
68 84 0.77
75 18 0.88
13 79 0.87
55 84 1.0
34 59 0.78
34 14 0.76
35 89 0.79
13 9 0.8
0 57 0.75
82 41 0.79
98 88 0.99
18 46 0.76
63 23 0.95
6 87 1.0
40 76 0.86
57 2 0.99
8 44 0.78
23 59 0.98
89 52 0.76
31 61 0.8
46 76 0.82
14 65 0.83
44 30 0.78
36 98 0.87
43 55 0.86
66 40 0.79
7 26 0.79
13 41 0.76
23 77 0.82
3 53 0.93
48 94 0.92
59 39 0.87
44 14 0.95
9 95 0.89
37 51 0.93
83 1 0.8
85 51 0.98
58 38 0.75
35 91 0.89
60 97 0.76
58 79 0.77
59 51 1.0
2 81 0.96
31 100 0.87
95 7 0.97
27 42 0.95
88 52 0.93
96 14 0.76
94 51 0.83
38 77 0.89
99 72 0.84
49 44 0.81
27 90 0.85
79 33 0.77
32 19 0.94
74 65 0.75
0 89 0.81
41 74 0.78
94 19 0.96
24 95 1.0
77 39 1.0
8 58 0.93
84 69 0.99
67 72 0.75
72 39 0.76
28 26 0.89
28 84 0.76
76 76 0.88
37 18 0.9
90 27 0.8
33 66 0.84
51 87 0.86
87 42 0.94
73 61 0.76
39 6 0.77
81 68 0.87
23 82 1.0
14 57 0.81
41 10 0.98
68 28 0.99
83 79 0.79
67 67 0.88
93 68 0.86
8 97 0.82
100 60 0.93
44 0 0.95
0 88 0.9
93 71 0.84
59 91 0.83
14 60 0.85
28 69 0.82
29 79 0.77
51 11 0.87
66 13 0.99
76 41 0.92
97 61 0.9
92 38 0.88
98 81 0.88
97 26 1.0
42 85 0.92
20 25 0.95
23 98 0.87
22 53 0.99
60 69 0.99
27 46 0.89
3 32 0.88
19 29 0.79
27 92 0.83
61 21 0.84
100 71 0.87
65 66 0.77
31 82 0.89
93 53 0.98
0 42 0.8
70 7 0.79
48 13 0.77
15 61 0.77
94 20 0.93
33 49 0.77
97 86 0.82
68 23 0.79
54 69 0.86
78 64 0.93
32 34 0.92
44 9 0.9
31 88 0.91
78 36 0.96
53 2 0.75
76 88 0.88
56 34 0.98
37 47 0.94
21 36 0.86
60 3 0.84
98 44 0.96
97 22 0.98
73 9 0.94
33 5 0.86
46 4 0.85
90 41 0.84
35 67 0.82
72 70 0.77
74 39 0.98
48 31 1.0
10 15 0.94
27 8 0.95
28 67 0.78
69 63 1.0
18 64 0.77
24 11 0.95
69 93 0.77
88 100 0.8
24 80 0.98
41 21 0.91
51 23 0.97
1 96 0.75
92 100 0.92
31 36 0.95
14 83 0.76
34 6 0.91
85 66 0.76
16 44 0.75
43 2 0.97
31 17 0.75
33 6 0.88
64 44 0.87
73 12 0.86
16 50 0.83
7 69 0.87
94 6 0.75
4 62 1.0
46 8 0.94
53 84 0.76
59 96 0.86
76 81 0.77
10 70 0.9
39 3 0.77
24 19 0.88
31 71 0.93
39 30 0.84
72 91 0.99
37 10 0.82
4 6 0.93
25 79 0.89
26 99 0.86
35 48 0.95
19 52 0.75
70 25 0.88
7 38 0.83
62 85 0.89
38 7 0.93
3 95 0.98
73 60 0.79
6 79 0.87
77 81 0.93
31 31 0.99
95 91 0.99
63 51 0.81
33 43 0.96
43 11 0.95
22 57 0.87
62 90 0.84
66 41 0.75
23 41 0.76
45 17 1.0
70 2 0.83
93 22 0.99
98 26 0.77
96 100 0.91
13 55 0.95
32 4 0.89
98 2 0.97
41 65 0.88
90 75 0.94
58 90 0.98
41 48 0.87
84 72 0.83
62 8 0.87
18 49 0.91
12 13 0.85
28 23 0.76
90 97 0.81
93 88 0.93
78 74 0.93
54 79 0.9
10 11 0.75
19 50 0.77
60 57 0.75
93 70 0.94
29 35 0.97
27 47 0.82
37 55 0.89
100 91 0.9
14 66 0.85
54 10 0.77
70 5 0.95
28 95 0.91
21 27 0.86
80 15 1.0
14 52 0.87
17 34 0.79
33 62 0.89
27 82 0.93
6 68 0.83
70 60 0.76
87 32 0.9
27 5 0.96
27 78 0.95
73 24 0.85
13 45 0.92
63 19 0.78
33 27 0.75
51 77 0.96
69 62 0.99
39 94 0.81
45 72 0.98
52 1 0.78
50 71 0.83
91 38 0.81
62 88 0.75
67 52 0.84
36 82 0.91
76 75 0.99
84 47 0.79
21 76 0.75
0 83 0.98
76 0 0.88
44 48 0.94
75 61 0.97
25 62 0.84
81 1 0.89
99 94 0.85
25 22 0.79
69 68 0.86
52 21 1.0
80 38 0.75
25 8 0.98
73 93 0.82
66 100 0.92
72 17 0.97
73 7 0.9
51 68 0.76
75 73 0.78
77 85 0.87
97 79 0.77
29 30 0.78
23 35 0.78
2 80 0.8
20 46 0.93
48 60 0.89
57 62 0.81
30 59 0.92
19 95 0.91
43 18 0.79
