200 400 100 10
83 26
37 48
15 39
84 86
57 43
3 82
60 90
38 29
33 42
66 90
81 43
78 78
5 11
73 10
24 80
59 17
20 32
94 76
27 62
51 9
87 2
93 53
27 77
92 72
94 95
21 29
71 80
56 30
21 69
66 54
78 77
10 40
86 57
21 3
1 99
1 35
49 45
82 16
3 70
57 72
65 7
99 76
10 62
56 63
53 44
11 60
55 88
47 56
23 21
72 40
81 100
35 10
66 8
97 2
62 34
77 53
29 34
17 19
96 13
37 41
84 7
74 14
28 21
23 23
32 56
26 94
28 77
94 46
62 15
71 32
29 83
31 68
15 22
20 4
46 65
30 46
40 80
85 29
59 33
41 43
25 87
38 98
71 90
23 55
54 76
1 58
67 89
24 67
8 32
88 22
64 11
55 38
5 86
58 62
25 36
17 4
50 99
1 96
3 3
84 21
9 60
41 18
5 41
98 13
91 88
44 87
23 76
90 6
8 56
15 88
52 76
71 75
10 69
65 35
19 46
72 6
44 81
74 100
90 98
22 83
66 64
1 75
49 61
51 55
97 79
60 57
93 94
13 30
53 35
90 10
12 14
88 86
14 11
16 86
22 39
23 28
20 74
54 18
10 50
50 30
61 38
8 74
62 44
82 74
7 10
14 54
87 76
49 23
4 97
88 68
96 1
76 70
76 88
40 98
43 92
11 33
8 52
10 4
85 10
45 1
27 34
72 67
95 21
51 98
34 66
55 60
9 51
6 83
7 93
35 64
35 26
18 18
55 48
68 81
4 5
16 4
30 18
76 60
56 17
36 73
47 54
13 60
1 3
69 83
30 38
19 8
47 51
93 17
44 60
75 42
93 21
98 73
48 68
45 66
0 79
43 12
12 52
62 23
56 6
49 63
32 23 0.84
45 20 0.79
80 57 0.98
83 41 0.97
54 1 0.84
64 37 0.76
26 0 0.94
96 15 0.8
35 5 0.88
73 28 0.91
49 66 0.87
84 78 0.87
41 49 1.0
49 26 0.81
0 1 0.85
25 85 0.88
84 82 0.89
97 82 0.8
86 20 0.78
42 99 0.86
79 41 0.89
44 17 0.95
1 51 0.96
40 26 0.79
45 5 0.96
57 53 0.95
85 75 0.85
73 12 0.99
61 18 0.79
21 62 0.91
74 6 0.89
12 100 0.93
81 81 0.98
39 3 0.83
49 47 0.82
91 66 0.92
95 14 0.96
45 93 0.86
54 3 0.81
36 59 0.92
71 76 0.91
46 88 0.96
56 77 0.89
2 19 0.76
3 49 0.75
21 48 0.91
86 16 0.75
49 67 0.91
47 100 0.81
10 54 0.8
74 89 0.8
55 55 1.0
43 72 1.0
17 14 0.92
24 92 0.99
11 97 0.94
80 53 0.8
96 25 0.9
16 13 0.86
79 39 0.85
8 70 0.81
12 44 0.93
6 62 0.84
91 97 0.85
37 82 0.99
69 14 0.99
95 85 0.79
10 67 0.9
62 59 0.79
89 51 0.77
48 5 0.76
71 23 0.88
74 69 0.92
60 47 0.93
66 48 0.84
39 17 0.82
1 12 0.81
68 46 0.93
28 100 0.86
42 82 0.83
37 95 0.91
92 99 0.93
63 28 0.94
10 58 0.87
27 35 0.96
16 59 0.94
86 68 0.77
40 81 0.97
19 98 0.87
23 88 0.98
60 61 1.0
57 94 0.91
59 28 1.0
23 72 0.85
84 48 0.91
59 99 0.99
95 26 0.87
7 34 0.92
66 36 0.84
64 22 0.81
94 75 0.91
86 65 0.96
29 23 0.84
16 3 0.85
58 76 0.77
10 9 0.87
95 81 0.9
96 39 0.96
68 60 0.82
87 21 0.99
36 57 0.83
62 94 0.87
63 60 0.97
11 75 0.8
51 96 0.87
77 37 0.93
29 35 0.94
97 76 0.86
42 9 0.93
87 15 0.77
58 36 0.94
6 91 0.91
50 94 0.87
33 38 0.77
67 72 0.8
94 33 0.9
93 32 0.9
8 38 0.76
25 55 0.95
46 93 0.99
100 9 0.87
6 11 0.92
38 58 0.91
47 8 0.82
59 59 0.79
55 11 0.79
88 5 0.84
37 78 0.76
31 90 0.96
83 3 0.85
67 98 0.97
74 35 0.93
5 61 0.76
50 72 0.92
10 46 0.93
9 90 0.83
97 47 0.86
37 84 0.81
58 60 0.9
75 35 0.89
68 56 0.78
57 3 0.88
64 68 0.75
30 32 0.75
100 73 0.88
41 78 0.97
75 23 0.98
91 78 0.76
46 94 0.97
39 41 0.8
3 96 0.8
28 91 0.9
38 35 0.96
7 15 0.83
79 52 0.82
54 9 0.77
79 74 0.95
61 47 0.82
80 21 0.81
90 72 0.94
93 48 0.94
90 93 0.86
26 59 0.8
84 95 0.78
61 0 0.86
91 89 0.93
11 72 0.78
41 14 0.82
48 60 0.89
95 87 0.8
95 48 0.77
0 63 0.96
54 69 0.93
90 17 0.83
27 75 0.8
33 54 0.99
96 9 0.97
61 29 0.8
9 82 0.82
64 52 0.92
99 86 0.97
13 2 0.96
70 36 0.85
51 57 0.81
74 12 0.76
48 16 0.86
51 44 0.75
16 40 0.93
97 14 0.82
57 76 0.91
79 95 0.77
61 74 0.84
35 40 0.87
80 4 0.79
19 44 0.92
57 75 0.95
30 41 0.83
12 50 0.92
51 7 0.96
11 8 0.89
73 1 0.75
7 27 0.96
9 70 0.77
79 83 0.97
77 20 0.75
42 17 0.99
6 55 0.96
0 87 0.99
85 77 0.8
23 37 0.87
94 5 0.87
69 58 0.86
0 35 0.82
42 54 0.91
62 75 0.86
90 90 0.87
31 15 0.76
60 54 0.8
18 22 0.88
0 9 0.75
79 53 0.79
25 52 0.82
39 71 0.96
92 93 0.87
10 12 0.93
10 42 0.93
96 56 0.96
95 43 0.8
83 8 0.8
66 39 0.86
28 41 0.75
78 62 0.95
73 62 0.94
75 12 0.84
33 72 0.94
46 30 0.85
73 67 0.88
22 97 0.78
97 44 0.87
38 7 0.83
25 0 0.95
32 36 0.81
92 64 0.86
8 50 0.76
22 49 0.97
29 92 0.78
38 41 0.88
47 88 0.82
7 75 0.88
22 94 0.91
76 81 0.94
80 95 0.88
55 78 0.93
52 13 0.99
90 56 0.96
50 98 0.86
2 86 0.91
22 76 0.92
24 71 0.95
12 64 0.94
97 50 0.96
36 63 0.87
20 89 0.93
85 8 0.83
88 32 0.92
20 37 0.86
51 80 0.76
8 83 0.88
78 24 0.81
64 64 0.83
36 54 0.81
52 73 0.94
64 94 0.78
62 32 0.92
87 31 0.84
30 81 0.9
8 96 0.82
22 79 0.81
34 67 0.78
89 65 0.96
93 77 0.83
62 80 0.76
53 82 0.84
64 50 0.83
6 12 0.9
59 58 0.86
71 12 0.92
14 62 0.89
19 92 0.77
52 48 0.89
29 55 0.75
62 86 0.94
88 33 0.99
24 44 0.78
42 12 0.79
44 28 0.82
45 42 0.91
53 45 0.77
82 57 0.82
35 91 0.86
86 33 0.9
55 0 0.89
26 64 0.94
89 87 0.92
19 69 0.83
21 38 0.92
31 37 0.86
20 65 0.87
26 41 1.0
54 78 0.95
25 47 1.0
6 47 0.85
92 77 0.93
9 43 0.9
86 67 0.79
65 57 0.87
58 37 0.88
14 63 0.82
99 72 0.78
20 98 0.82
50 38 0.99
50 88 0.93
63 44 0.92
83 87 0.87
26 38 0.98
36 0 0.91
71 99 0.97
34 59 0.76
8 31 0.93
0 47 0.8
6 15 0.76
52 31 0.88
32 11 0.98
83 73 0.88
71 29 0.78
24 4 0.9
96 40 0.75
7 57 0.85
31 34 0.87
97 8 1.0
69 41 0.94
45 97 0.93
76 62 0.87
79 97 0.79
31 52 0.97
11 88 0.81
11 98 0.79
20 0 0.91
33 29 0.82
13 11 0.79
23 3 0.76
67 29 0.99
97 46 0.82
12 77 0.75
83 28 0.75
16 27 0.91
7 5 0.78
21 41 0.88
20 80 0.96
44 9 1.0
3 2 0.89
21 78 0.9
84 52 0.97
75 54 0.97
11 55 0.92
9 10 0.94
89 86 0.86
47 61 0.99
27 37 0.88
87 3 0.79
29 13 0.93
58 94 0.77
19 2 0.87
11 80 0.86
49 2 0.96
73 49 0.83
37 74 0.91
52 41 0.91
26 40 0.85
1 93 0.82
76 1 0.76
51 12 0.84
11 27 0.78
88 92 0.95
86 81 0.98
17 91 0.77
20 10 0.98
15 6 0.83
8 81 0.77
2 92 0.87
