200 400 50 10
61 69
34 90
14 96
19 24
86 91
57 25
48 60
28 18
73 24
84 9
72 10
84 14
37 92
52 31
59 2
9 47
33 0
70 59
70 71
41 63
79 33
91 69
11 41
49 97
54 42
57 90
60 36
23 7
100 59
55 62
58 55
32 28
69 14
69 53
8 45
42 57
13 76
49 27
62 35
60 15
86 86
92 77
96 30
100 18
33 74
97 81
38 97
82 85
56 75
45 8
49 0
41 93
32 64
93 51
55 21
95 19
10 18
12 100
31 98
46 91
86 15
56 73
25 47
95 72
13 43
24 3
22 92
6 3
9 90
40 97
93 10
100 66
41 60
23 35
21 78
25 23
30 94
70 0
52 24
62 9
31 85
9 76
72 67
14 28
29 69
35 38
52 64
86 82
68 10
49 43
84 39
44 89
85 56
6 15
53 20
18 53
67 7
5 45
71 28
94 12
29 42
56 18
74 88
77 57
12 4
8 92
49 48
13 51
88 92
82 99
48 38
19 94
64 31
85 87
39 94
99 65
48 19
53 91
25 15
15 48
75 25
72 26
33 100
22 64
80 25
76 56
21 30
15 98
92 78
73 29
11 55
3 57
8 24
7 56
69 91
27 23
29 54
4 25
98 50
29 78
47 90
23 22
73 58
84 84
14 11
19 46
36 84
74 80
39 36
14 97
19 14
48 24
8 18
94 67
19 45
15 7
57 48
14 87
54 26
12 32
69 30
67 94
88 78
0 51
4 23
40 76
77 10
38 46
82 33
13 34
54 7
11 22
71 20
81 0
51 98
55 18
62 32
41 65
43 72
28 88
93 53
41 100
26 36
31 47
27 93
57 33
47 45
79 21
18 69
4 44
71 60
95 66
37 18
90 81
56 63
2 5
3 60
94 95
97 83
54 97
43 16 0.87
44 13 0.94
56 88 0.94
74 17 0.83
10 15 0.93
8 99 0.8
6 8 0.87
85 26 0.78
83 37 1.0
48 73 0.82
23 31 0.98
2 1 0.76
17 8 0.81
71 55 0.81
63 82 0.92
85 70 0.95
53 30 0.95
91 33 0.92
95 80 0.78
38 11 0.79
44 15 0.92
33 81 0.9
20 36 0.77
91 48 0.9
73 99 0.98
55 51 0.85
92 15 0.84
59 88 0.94
3 4 0.99
69 41 0.89
1 75 0.95
83 30 0.92
39 42 0.93
100 46 0.85
41 45 0.82
32 1 0.9
25 74 0.9
16 33 0.79
42 51 0.77
79 98 0.84
91 2 0.78
37 94 0.88
58 56 0.86
84 93 0.98
1 80 0.84
35 25 0.76
35 70 0.93
67 32 0.88
4 17 0.8
82 20 0.78
16 16 0.81
23 5 0.96
55 37 0.96
44 53 0.89
9 54 0.82
26 73 0.82
40 51 0.76
72 41 0.96
48 7 0.92
59 20 0.92
89 72 0.76
51 1 0.79
14 64 0.88
80 7 0.94
10 67 0.77
59 80 0.89
87 65 0.92
58 89 0.81
7 74 0.92
54 28 0.88
43 40 0.91
63 36 0.98
3 50 0.96
87 56 0.75
36 5 0.89
31 72 0.76
78 11 0.79
62 54 0.86
82 65 0.94
10 70 0.91
47 75 0.99
23 20 0.78
2 93 0.99
57 49 0.84
69 78 0.9
21 73 0.83
47 76 0.82
80 70 0.87
56 23 0.98
58 20 0.93
4 10 0.77
42 37 0.78
72 64 0.98
4 69 0.88
7 51 0.77
67 54 0.97
94 73 0.8
10 88 0.87
90 65 1.0
55 100 0.95
78 4 0.89
49 34 0.9
32 96 0.83
82 30 0.98
64 56 0.79
59 29 0.96
41 21 0.77
95 27 0.95
30 84 0.76
49 67 0.87
73 47 0.8
39 55 0.9
55 26 0.92
19 54 0.79
80 33 0.78
66 26 0.85
29 75 0.82
48 36 0.9
3 47 0.87
95 87 0.8
71 78 0.79
41 30 0.9
76 5 0.93
80 14 0.79
3 49 0.82
28 29 0.98
17 67 0.92
71 34 0.87
15 4 0.85
33 37 0.76
37 55 0.87
0 34 0.88
44 57 0.97
87 80 0.84
89 80 0.99
62 46 0.98
30 13 0.96
33 91 0.91
2 32 0.96
12 73 0.77
66 99 0.91
7 93 0.94
66 28 0.96
45 4 0.8
36 19 0.76
46 71 0.91
34 41 0.95
90 70 0.9
33 96 0.93
89 20 0.95
70 14 0.76
69 5 0.8
15 35 0.87
75 0 0.98
50 42 0.84
43 39 0.77
79 70 0.91
75 29 0.89
35 82 0.96
27 16 0.99
18 19 0.87
29 55 0.91
24 14 0.85
40 26 0.96
32 62 0.96
29 99 0.88
81 81 0.86
18 11 0.89
30 67 0.88
39 70 0.91
50 53 0.96
18 3 0.86
91 70 0.81
46 34 0.81
18 90 0.75
50 3 0.83
24 31 0.89
89 18 0.97
46 10 0.95
35 44 0.75
73 13 0.89
64 15 0.93
99 20 0.91
6 26 0.82
21 54 0.88
14 21 0.91
43 18 0.96
10 44 0.83
61 25 0.87
57 16 0.77
13 60 0.87
18 98 0.83
86 61 0.89
49 33 0.76
99 28 0.86
80 91 0.95
84 90 0.77
18 92 0.77
5 14 0.88
71 76 0.99
91 81 0.81
100 80 0.94
9 19 0.76
71 97 0.85
87 63 0.91
84 75 0.85
96 85 0.88
94 3 0.82
77 35 0.96
37 25 0.87
67 64 0.87
93 18 0.88
31 86 0.92
77 82 0.96
48 8 0.86
90 66 0.95
53 2 0.93
10 82 0.85
71 71 0.79
0 6 0.98
62 5 0.95
34 57 0.84
85 32 0.76
50 12 0.93
53 63 0.94
95 89 0.93
58 38 0.87
25 100 1.0
62 23 0.94
92 58 0.83
42 69 0.77
32 54 0.78
64 36 0.81
12 89 0.94
52 26 0.9
79 36 0.75
41 71 0.96
18 21 0.84
61 68 0.79
87 38 0.91
81 53 0.96
84 40 0.77
45 5 0.89
21 84 0.86
46 15 0.86
82 52 0.83
37 98 0.98
23 24 0.95
7 35 0.96
25 20 0.95
54 100 0.91
56 82 0.97
22 20 0.85
75 52 0.91
52 86 0.85
86 69 0.76
98 87 0.94
7 97 0.82
53 47 0.79
6 13 0.91
0 32 0.77
60 95 0.75
96 1 0.87
33 58 0.8
54 83 0.91
36 40 0.87
88 6 0.75
88 36 0.88
3 38 0.99
38 4 0.95
19 36 0.95
46 68 0.99
78 37 0.89
2 43 0.82
93 11 0.81
45 74 0.85
61 97 1.0
83 38 0.81
70 8 0.75
4 71 0.78
46 86 0.92
36 47 0.85
73 7 0.86
68 79 0.82
25 54 0.78
82 92 0.98
15 32 0.96
40 36 0.87
97 59 0.99
36 9 1.0
47 2 0.84
3 37 0.94
83 21 0.97
34 93 0.83
33 71 0.95
80 85 0.87
7 36 0.89
65 76 0.98
30 52 0.76
61 10 0.87
11 35 0.93
80 41 0.81
13 59 0.78
5 25 0.98
50 15 0.78
31 74 0.89
59 55 0.93
74 19 0.92
12 27 1.0
22 39 0.92
96 44 0.85
75 63 0.77
35 11 0.76
93 83 0.92
85 30 0.83
79 6 0.87
0 3 0.83
73 31 0.94
25 9 0.87
12 85 0.75
2 77 0.99
77 50 0.93
70 57 0.87
84 54 0.96
97 61 0.76
71 88 0.93
72 73 0.92
50 59 0.9
64 84 0.89
92 96 0.79
6 74 0.98
3 78 0.93
92 23 0.91
40 64 0.76
32 8 0.75
82 50 0.86
14 42 1.0
48 65 0.87
27 86 0.88
8 36 0.75
78 8 0.94
52 17 0.92
30 11 0.77
43 32 0.95
66 83 0.8
22 0 0.86
82 14 0.95
3 69 0.79
43 26 0.94
69 55 0.8
61 78 0.89
27 100 0.86
9 6 0.76
24 4 0.92
78 99 0.9
57 30 0.89
82 44 0.8
35 39 0.99
4 21 0.92
72 25 0.78
80 73 0.86
95 20 0.77
18 50 0.82
3 70 0.78
89 24 0.75
96 50 0.98
94 96 0.88
94 61 0.89
21 65 0.97
57 4 0.97
79 95 1.0
69 39 1.0
33 34 0.78
7 91 0.93
99 84 0.92
90 93 0.92
57 22 0.92
54 82 0.89
38 48 0.8
9 53 0.87
78 26 0.99
61 73 0.92
85 52 0.75
62 98 0.78
1 42 0.82
52 55 0.79
29 47 0.81
53 38 0.83
18 49 0.8
36 68 0.84
94 60 0.85
75 99 0.89
45 49 0.99
79 62 0.93
70 73 0.75
35 49 0.93
18 56 0.85
46 44 0.94
46 16 0.97
50 96 0.87
