200 400 100 10
99 12
20 99
34 85
83 39
94 69
85 89
81 80
31 72
73 19
65 98
11 61
77 23
23 56
35 50
40 20
79 99
6 29
19 49
4 47
43 69
98 49
93 5
85 6
42 8
1 11
98 12
30 8
80 83
98 81
14 86
16 74
92 41
25 58
14 73
5 75
44 41
7 84
61 43
60 69
3 28
6 13
58 77
83 46
29 6
92 80
52 41
28 19
48 20
51 8
69 53
65 8
86 52
77 36
88 80
36 38
33 54
15 41
2 95
43 74
58 60
25 36
7 53
77 6
88 13
0 84
37 52
85 83
39 73
5 9
17 21
57 84
94 59
74 7
51 79
21 53
89 13
60 83
93 16
54 43
93 77
69 69
63 73
86 80
67 16
86 11
18 18
10 70
39 31
11 40
83 85
55 76
5 68
64 76
43 40
86 15
19 84
36 70
3 74
10 53
91 4
91 11
50 14
89 96
95 9
24 65
41 69
94 63
41 38
47 94
29 19
26 32
25 51
63 47
25 59
70 71
48 50
46 32
21 33
37 75
6 39
55 98
47 38
98 33
46 67
39 90
11 24
0 96
66 26
51 6
27 67
94 13
57 74
22 77
35 8
76 84
60 20
55 7
51 99
66 28
68 83
40 10
23 66
78 18
72 24
100 87
70 17
60 77
55 0
1 49
58 9
11 84
9 49
44 7
42 51
15 53
12 76
29 45
42 16
23 93
13 56
52 65
7 20
26 51
39 80
69 23
94 24
81 24
54 20
66 15
99 9
68 89
5 25
42 88
27 24
95 38
60 63
81 32
47 14
20 0
95 62
69 25
39 52
74 35
7 26
91 26
11 26
1 28
36 17
3 78
17 4
56 78
88 100
49 34
73 67
57 67
21 32
11 17
32 83
93 85
64 23
8 36 0.82
54 56 0.84
22 9 0.92
58 44 0.87
96 34 0.97
6 18 0.85
89 35 0.79
37 3 0.79
23 30 0.84
11 99 0.87
37 93 0.83
35 12 0.86
68 44 0.87
94 82 0.76
1 44 0.75
91 54 1.0
14 100 0.76
65 74 0.78
24 16 0.79
13 5 1.0
94 66 0.95
18 14 0.82
5 20 0.92
67 3 0.86
37 51 0.85
29 24 0.85
55 100 0.79
65 83 0.91
67 13 0.93
37 88 0.95
59 69 0.9
24 7 0.95
99 10 0.8
85 0 0.83
35 63 1.0
35 14 0.79
28 97 0.81
37 97 0.77
93 67 0.99
68 68 1.0
26 75 0.85
75 41 0.97
31 22 0.78
68 6 0.84
8 89 0.76
73 81 0.88
44 96 0.83
0 69 0.95
54 67 0.78
68 47 0.77
5 39 0.75
41 64 0.81
94 36 0.76
64 81 0.88
1 22 0.99
21 68 0.93
65 62 0.92
91 45 0.83
10 56 0.84
67 79 0.8
31 80 0.9
70 78 0.88
7 54 0.96
72 19 0.94
54 31 0.9
4 41 0.95
80 82 0.91
90 53 0.89
11 2 0.98
1 60 0.9
54 83 0.87
93 28 0.92
74 16 1.0
13 81 0.98
42 77 0.99
45 41 0.89
99 74 0.99
66 68 1.0
29 66 0.8
83 9 0.84
55 11 0.81
92 46 0.98
91 43 0.87
33 80 0.9
63 64 0.9
38 32 0.93
39 34 0.82
91 88 0.77
57 26 0.84
62 28 0.91
97 94 0.82
1 95 0.85
87 63 0.82
82 61 0.75
4 11 0.76
24 1 0.91
54 71 0.78
13 15 0.83
1 63 1.0
83 5 0.82
86 48 0.93
95 75 0.8
11 88 0.86
67 64 0.92
14 87 0.84
62 21 0.97
98 27 0.92
100 16 0.92
27 49 0.98
43 7 0.97
78 55 0.75
90 52 0.84
50 8 0.75
13 85 0.84
38 15 0.89
34 33 0.79
28 13 0.99
34 9 0.75
46 94 0.95
41 36 0.83
12 7 0.92
95 2 0.89
92 88 0.94
90 50 0.89
10 10 0.79
30 91 0.91
76 24 0.95
26 15 0.95
26 8 0.97
49 26 0.86
76 28 0.8
70 76 0.9
55 78 0.96
51 53 0.97
70 41 0.8
98 57 0.86
36 35 1.0
65 0 0.79
0 37 0.78
44 38 0.77
47 0 0.93
95 0 0.81
74 11 0.89
80 41 0.87
36 71 0.76
73 50 0.85
28 98 0.91
5 6 0.97
10 40 0.82
54 50 0.86
31 7 0.86
67 17 0.96
64 98 0.9
2 14 0.9
57 36 0.75
57 32 0.8
54 24 1.0
54 60 0.77
43 71 0.76
4 33 0.92
73 45 1.0
73 49 1.0
45 39 0.84
45 98 0.84
83 84 0.91
62 29 0.94
93 70 0.79
6 82 1.0
7 24 0.8
97 100 0.91
0 23 0.94
16 94 0.8
49 87 0.85
97 86 0.92
24 95 0.86
88 53 0.78
55 97 0.88
76 41 0.98
39 69 0.84
18 13 0.75
91 3 0.88
42 43 0.84
58 17 0.99
6 6 0.89
89 1 0.76
86 91 0.93
78 98 0.76
87 2 0.77
88 68 0.88
64 19 0.83
98 20 0.94
45 95 0.86
73 22 0.95
40 37 0.91
77 7 0.9
60 37 0.95
62 62 0.89
9 44 0.87
63 78 0.83
59 71 0.8
35 89 0.96
41 72 0.93
99 67 0.78
8 58 0.97
98 68 1.0
34 60 0.85
46 25 0.76
34 95 0.96
82 91 1.0
23 85 0.82
47 86 0.97
53 52 0.97
11 50 0.86
14 25 0.83
97 91 0.8
96 18 0.92
88 38 0.98
8 97 0.87
96 93 0.98
44 74 0.76
89 32 0.88
63 38 0.82
42 32 0.84
98 53 0.9
43 64 0.99
93 33 0.78
70 97 0.96
51 81 0.91
40 36 0.89
80 54 0.87
1 8 0.97
50 93 0.76
91 29 0.85
26 24 0.93
49 46 0.81
88 85 0.91
27 97 0.89
20 100 0.83
84 18 0.95
19 1 0.88
92 4 0.8
30 40 0.76
50 98 0.77
82 11 0.81
14 75 1.0
30 63 0.76
82 96 0.84
65 61 0.96
50 44 0.96
12 83 0.92
56 82 0.98
29 61 0.75
56 77 1.0
61 19 0.88
64 67 0.93
6 40 0.97
76 95 0.94
54 72 0.94
53 42 0.92
41 90 0.91
24 54 0.75
65 76 0.78
10 17 0.92
20 94 0.85
81 26 0.75
39 21 0.81
66 41 1.0
87 33 0.83
26 95 0.87
42 75 1.0
6 85 0.76
28 69 0.8
21 7 0.86
57 79 0.85
32 63 0.92
60 4 0.99
23 67 0.88
14 50 0.9
50 59 0.79
35 3 0.92
87 91 0.8
90 66 0.75
26 0 0.85
95 46 0.83
20 43 0.75
36 85 0.79
73 83 0.96
91 0 0.94
17 61 0.89
25 76 0.78
91 64 0.85
43 93 0.96
43 94 0.89
45 29 0.8
87 60 0.89
62 65 1.0
37 67 0.87
75 74 0.81
46 20 0.89
98 25 0.98
78 34 0.81
96 86 0.89
53 0 0.77
55 27 0.75
69 15 1.0
44 77 0.76
8 62 0.98
15 94 0.83
1 71 0.82
69 64 0.76
4 51 0.88
15 32 0.95
85 1 0.96
76 47 0.79
39 58 0.8
73 16 0.82
9 74 0.84
2 32 0.83
44 63 0.84
52 52 0.75
67 67 0.75
23 65 0.98
17 32 0.83
62 32 0.9
17 66 0.78
63 83 0.87
83 77 0.79
15 39 0.95
56 98 0.89
64 61 1.0
66 40 0.88
1 9 0.8
2 17 0.75
54 82 1.0
100 91 0.77
55 71 0.8
62 7 0.85
25 20 0.79
71 27 0.87
36 8 0.76
87 62 0.8
47 22 0.99
27 5 0.95
79 22 0.89
21 13 0.95
48 80 0.86
45 56 0.79
62 22 0.96
8 42 0.9
60 7 0.84
89 68 0.81
36 45 0.89
39 8 0.89
8 34 0.86
71 71 0.86
15 96 0.94
26 55 0.86
53 98 0.96
31 1 0.93
97 48 0.83
72 16 0.76
100 50 0.85
36 43 0.99
87 93 0.89
37 74 0.91
85 42 0.88
37 28 0.85
33 65 0.8
19 24 0.83
81 93 0.88
88 60 0.84
99 81 0.88
97 64 0.96
35 13 0.77
100 47 0.82
70 44 0.98
75 21 0.8
56 63 0.76
75 43 0.95
31 42 0.8
62 91 0.92
35 7 0.9
32 9 1.0
55 38 0.78
99 63 0.78
95 74 0.96
7 65 0.91
5 91 0.75
16 12 0.94
39 82 0.9
2 62 0.9
9 7 0.81
45 11 0.97
99 6 0.75
13 55 0.95
24 81 0.79
56 5 0.84
43 4 1.0
46 95 0.88
38 42 0.98
