200 400 20 10
71 10
23 89
59 22
7 28
45 57
25 59
51 20
35 77
35 1
25 22
12 48
91 37
2 30
85 99
50 94
66 70
53 8
41 16
91 65
85 17
72 54
23 51
62 69
9 43
72 73
91 68
43 7
90 36
19 75
79 99
69 48
64 5
37 19
0 32
73 99
43 60
81 6
44 17
99 28
21 44
63 54
65 35
12 83
40 7
50 73
33 80
28 61
32 5
32 65
22 8
48 83
91 2
99 37
35 26
70 54
99 12
6 85
14 79
11 6
5 44
78 82
96 69
1 83
65 33
40 46
81 53
12 10
33 43
70 48
56 75
90 25
61 25
33 69
93 83
53 53
5 37
76 19
72 1
6 1
2 3
68 78
97 99
73 6
39 61
87 37
75 61
65 29
79 97
23 24
0 43
97 16
41 66
4 39
31 44
95 19
70 59
98 3
36 91
86 76
8 8
62 19
69 7
14 17
93 90
50 7
35 80
68 94
7 89
9 9
6 13
49 31
69 36
70 92
5 84
53 68
33 16
52 41
93 63
79 14
72 0
18 85
83 62
52 64
51 50
4 76
52 57
58 8
17 28
8 93
92 79
42 77
96 79
18 56
55 93
87 29
5 61
83 77
47 84
45 92
39 57
58 98
57 88
49 69
38 5
91 96
43 71
97 97
17 52
88 95
84 77
44 3
85 90
68 88
90 84
27 16
76 26
64 72
31 65
83 20
40 44
28 98
59 96
0 21
44 58
90 5
54 83
5 40
65 11
80 56
11 76
15 29
33 1
21 73
61 56
13 12
10 66
25 91
17 33
2 45
11 38
25 81
72 24
78 100
64 99
45 32
78 74
26 39
48 20
25 54
92 26
48 38
16 5
41 83
43 20
27 70
53 63
51 80
70 46
78 43
38 50
44 4 0.99
46 51 0.92
99 11 0.92
33 45 1.0
62 68 0.78
48 37 0.92
11 40 0.87
65 2 0.95
68 82 0.96
70 15 0.86
71 55 0.92
30 58 0.98
73 30 0.94
20 93 0.88
2 62 0.78
13 52 0.99
50 95 0.92
30 75 0.85
22 91 0.76
36 96 0.92
55 26 0.91
89 40 0.91
40 96 0.86
2 91 0.81
16 65 0.86
44 45 0.81
70 50 0.85
75 74 0.99
2 19 0.84
99 85 0.87
23 81 0.81
92 12 0.97
90 97 0.77
67 95 0.99
38 95 0.96
10 59 0.86
63 74 0.99
41 1 0.79
50 21 0.95
74 69 0.99
21 87 0.78
50 23 0.92
38 87 0.8
12 21 0.85
82 10 0.98
54 86 0.76
15 0 0.93
74 14 0.78
70 64 0.81
38 35 0.89
95 49 0.94
62 63 0.8
86 89 0.98
75 49 0.81
94 61 0.93
74 100 0.98
39 14 0.99
47 99 0.91
5 52 0.85
82 25 0.89
25 96 0.83
78 6 0.99
77 20 0.8
24 84 0.75
26 38 0.97
28 70 0.85
46 50 1.0
13 84 0.94
36 43 0.75
61 44 0.82
98 86 0.81
52 39 0.99
72 98 0.98
98 5 0.86
86 69 0.81
97 72 0.81
83 8 0.86
8 1 0.76
74 25 0.98
84 65 0.75
91 15 0.92
64 49 0.87
94 30 0.89
42 12 0.83
53 62 0.91
81 76 0.85
1 86 1.0
100 65 0.77
94 37 0.82
85 79 0.87
26 50 0.8
96 10 0.99
59 55 0.84
71 13 0.81
52 1 0.95
1 64 0.87
12 4 0.76
52 4 0.81
96 17 0.75
83 4 0.95
67 17 0.76
77 24 0.9
77 98 0.97
18 77 0.83
89 24 0.87
42 79 0.93
97 59 0.78
64 32 0.94
40 4 0.86
26 52 0.75
4 73 0.9
63 26 0.87
60 39 0.84
43 50 0.87
86 75 0.79
28 82 0.94
41 7 0.88
50 98 0.95
2 6 0.99
43 93 0.75
56 21 0.77
91 62 0.98
84 88 0.85
65 24 0.99
12 37 0.91
1 80 0.77
27 2 0.91
13 76 0.88
61 46 0.93
86 6 0.85
79 28 1.0
77 1 0.97
96 72 0.88
7 21 0.9
31 45 0.84
13 32 0.99
2 77 0.82
84 10 1.0
55 96 0.93
37 70 0.93
90 12 0.94
11 91 0.92
89 13 0.79
65 10 1.0
87 25 0.89
82 12 0.95
15 57 0.94
48 65 0.93
70 19 0.99
27 21 0.87
51 4 0.9
27 46 0.93
0 99 0.96
87 12 0.89
99 41 0.8
2 100 0.98
27 80 0.91
76 88 0.86
17 63 0.91
72 77 0.97
3 76 0.78
89 83 0.79
25 48 0.96
96 83 0.9
9 94 0.75
27 24 0.85
11 81 0.77
50 4 0.99
50 55 0.75
51 40 0.89
38 97 0.77
65 44 0.75
41 81 0.9
96 24 0.82
4 49 0.84
94 5 0.93
52 58 0.75
22 13 0.81
87 2 0.96
31 73 0.84
25 11 0.8
27 49 0.97
68 68 0.81
29 57 1.0
31 70 0.79
18 91 0.96
64 79 0.86
42 96 0.78
74 18 0.83
15 76 0.84
76 62 0.94
81 73 0.81
79 50 0.81
62 91 0.97
42 91 0.82
48 46 0.9
79 9 0.94
33 21 0.93
30 74 0.99
11 20 0.86
79 37 0.99
78 35 0.97
100 66 0.84
22 9 0.95
56 71 0.78
26 64 0.81
56 3 0.91
0 54 0.94
27 74 0.88
67 7 0.79
14 65 0.88
55 31 0.83
95 9 0.88
44 54 0.95
84 21 0.9
24 82 0.99
90 0 0.76
52 15 0.83
25 88 0.81
24 29 0.75
36 6 0.78
38 79 0.78
68 83 0.89
75 23 0.77
59 70 0.9
5 96 0.86
96 61 0.85
52 18 0.83
15 45 0.98
3 20 0.79
61 5 0.87
86 30 0.85
35 79 0.85
82 50 0.88
79 81 0.88
88 99 0.86
69 43 0.97
98 20 0.85
86 50 0.8
63 45 0.78
6 50 0.97
77 55 0.97
82 59 0.78
14 12 0.75
41 48 0.95
59 49 0.92
81 30 0.97
88 48 0.75
42 25 0.91
97 76 0.84
51 16 0.91
96 85 0.78
16 71 0.92
36 46 0.9
78 60 0.95
24 7 0.9
48 89 0.99
15 33 0.9
19 97 0.81
49 34 1.0
93 40 0.98
51 86 0.95
90 7 0.79
65 79 0.78
88 44 0.77
99 52 0.87
63 94 0.76
27 15 0.99
82 32 0.92
77 79 0.96
12 66 0.88
20 90 0.91
66 59 1.0
66 25 0.79
93 100 0.86
29 31 1.0
2 53 0.92
90 73 0.91
21 84 0.98
92 19 0.78
35 42 0.79
59 84 0.81
42 84 0.78
90 28 0.98
30 16 0.88
32 60 0.95
12 78 0.88
22 61 0.83
52 28 0.83
36 44 0.98
81 71 0.85
27 86 0.91
98 19 0.97
52 9 0.95
93 84 0.82
86 78 0.91
53 6 0.89
63 32 0.85
1 13 0.99
58 86 0.95
18 31 0.96
25 42 0.77
9 64 0.79
87 53 0.98
6 96 0.8
79 67 0.76
18 10 0.82
63 21 0.79
17 22 0.88
78 98 0.88
50 53 0.91
95 41 0.88
90 64 0.8
77 69 0.98
91 38 0.87
9 2 0.83
87 64 0.91
95 72 0.76
92 92 0.77
40 58 0.89
6 71 0.84
87 85 0.96
33 100 0.78
91 72 0.82
18 83 0.97
69 76 0.79
61 36 0.86
18 35 0.76
30 8 0.77
28 59 0.9
43 54 0.95
33 96 0.85
85 97 0.92
79 48 0.87
74 50 0.76
56 69 0.88
70 35 0.8
12 16 0.82
47 86 0.76
95 91 0.8
48 99 0.9
56 51 1.0
30 69 0.77
12 98 0.78
23 28 0.84
25 1 0.95
61 20 0.96
28 6 0.89
18 16 0.89
67 100 0.78
25 66 0.85
37 75 0.98
26 87 0.84
0 14 0.94
0 18 0.85
3 40 0.91
24 68 0.98
15 35 0.87
16 13 0.96
40 86 0.84
96 21 0.82
69 60 0.81
25 94 0.86
92 34 0.87
71 43 0.77
37 28 0.85
30 49 0.94
97 98 0.94
39 27 0.84
32 22 0.77
59 51 0.86
48 27 1.0
27 99 0.9
75 71 0.94
22 50 0.81
37 64 0.94
30 36 0.75
67 4 0.81
27 3 0.77
74 48 0.9
87 95 0.96
36 63 0.9
6 59 0.76
99 20 0.91
68 34 0.81
82 33 0.93
13 56 0.81
73 89 0.98
83 0 0.84
53 47 0.97
3 94 0.89
79 3 0.94
10 98 0.8
17 39 0.77
44 31 0.87
50 83 0.77
62 23 0.99
34 72 0.94
73 84 1.0
89 31 0.75
