200 400 100 10
84 97
66 97
80 68
39 41
7 13
72 56
7 66
62 79
1 98
60 59
63 62
22 26
93 29
99 26
88 16
94 63
49 30
36 53
22 30
10 41
54 26
57 30
94 57
24 68
72 68
27 77
34 60
3 44
89 65
77 29
6 72
42 9
34 0
70 26
82 31
89 40
27 33
77 42
17 1
52 46
12 30
64 54
95 42
85 1
62 4
62 27
86 72
97 96
77 82
91 93
38 83
68 44
46 31
74 4
84 0
37 41
10 32
60 18
32 58
77 55
55 89
54 0
20 36
51 37
52 8
89 48
71 97
24 95
63 84
54 48
63 95
23 69
32 71
64 80
59 50
1 40
81 82
35 21
94 46
68 7
0 33
81 94
53 63
20 61
44 15
80 78
32 25
29 49
33 77
82 8
90 99
16 14
65 99
1 66
54 20
52 7
86 96
84 67
94 29
24 71
82 79
94 82
95 12
14 90
77 13
42 61
90 14
34 84
20 17
27 42
87 92
100 71
77 19
23 7
70 43
48 93
63 82
13 61
46 5
65 29
34 27
93 49
55 70
87 32
59 3
57 52
32 90
36 68
23 71
35 94
64 0
64 27
68 4
55 41
78 53
20 48
24 73
94 67
41 56
50 10
40 29
99 22
95 66
77 67
68 68
39 13
59 12
14 28
74 41
41 26
12 93
33 17
6 70
78 0
24 42
20 15
69 32
73 90
66 96
89 94
52 60
74 67
65 7
60 54
74 58
31 3
11 7
50 66
79 66
32 18
73 15
15 68
72 75
9 15
78 88
58 95
43 25
59 7
89 43
70 15
66 80
69 48
82 63
57 55
32 78
74 14
30 53
64 35
17 48
22 35
29 94
62 88
2 89
15 5
12 44
88 40
30 52
13 30
49 6
52 49
75 65 0.89
11 35 0.93
69 91 0.78
87 3 0.85
65 82 0.97
100 75 0.94
8 21 0.77
52 40 0.75
44 90 0.89
88 5 0.78
44 59 0.84
86 73 0.93
81 84 0.91
26 75 0.78
4 1 1.0
10 3 0.76
56 90 1.0
91 24 0.88
55 29 0.8
40 21 0.87
43 19 0.91
95 3 0.95
43 87 0.96
34 88 0.98
72 18 0.9
80 0 0.9
89 34 0.95
81 3 0.77
3 90 0.98
32 19 0.88
91 10 0.75
71 62 0.78
7 63 0.78
10 28 0.99
47 64 0.98
96 54 0.8
77 85 0.79
62 50 0.98
80 10 0.75
79 21 0.84
40 24 0.87
82 86 0.86
50 80 0.91
12 52 0.87
96 89 0.78
97 4 0.82
83 45 0.9
42 21 0.97
38 20 0.87
33 98 0.75
63 26 1.0
41 21 0.75
24 90 0.79
6 93 0.97
6 1 0.85
93 69 0.98
68 89 0.83
52 17 0.97
64 1 0.93
72 8 0.93
65 33 0.77
3 74 0.78
82 21 0.78
37 6 0.78
76 61 0.86
91 98 0.75
92 18 0.97
69 89 0.84
70 49 0.9
29 24 0.96
97 69 0.84
52 63 0.77
31 62 0.89
62 70 0.87
99 52 0.87
31 45 0.81
7 25 0.86
35 14 0.8
27 0 0.89
22 41 0.83
73 49 0.8
70 67 0.94
39 10 0.85
18 63 0.92
78 71 0.86
84 75 0.78
20 4 0.93
78 12 0.75
16 84 0.75
95 44 0.87
22 87 0.86
43 9 0.78
4 72 0.89
14 13 0.99
58 30 0.94
15 40 0.84
65 31 0.81
23 57 0.79
63 33 0.91
2 20 0.93
80 66 0.91
38 41 1.0
79 74 0.97
51 51 0.86
46 90 0.77
23 49 0.8
53 7 0.85
16 95 0.76
13 12 0.75
38 22 0.83
5 50 0.78
77 80 0.93
25 92 0.82
43 72 0.84
96 40 0.95
77 46 0.94
22 69 0.87
37 11 0.85
79 42 0.96
9 12 0.78
50 100 0.78
46 82 0.99
44 70 0.76
41 72 0.96
93 79 0.77
53 0 0.75
84 29 0.8
81 35 0.76
55 61 0.9
94 66 0.79
99 65 0.92
65 91 0.77
98 81 0.79
74 23 0.96
18 89 0.98
29 62 0.82
25 62 0.8
85 89 0.91
36 11 0.8
44 5 0.77
30 36 0.9
1 35 0.96
45 87 0.98
55 51 0.84
10 97 0.88
65 48 0.85
16 44 0.95
7 50 0.75
88 67 0.93
87 88 0.82
28 98 0.95
58 48 0.96
29 100 0.89
78 76 0.9
89 28 1.0
4 89 0.75
50 36 0.8
52 51 0.91
45 0 0.82
75 51 0.86
21 56 0.83
97 75 0.83
59 40 0.85
42 82 0.88
30 92 0.84
58 72 0.85
90 6 0.95
56 51 0.95
12 55 0.78
72 11 0.98
54 75 0.77
100 28 0.85
79 25 0.94
68 81 0.9
49 92 0.9
81 67 0.89
57 48 0.97
80 56 0.99
12 25 0.76
8 64 0.96
67 64 0.88
52 91 0.9
63 18 0.98
31 38 0.86
58 53 0.87
31 82 0.85
35 28 0.95
44 23 0.84
8 92 0.83
9 27 0.98
80 12 0.82
27 7 0.98
71 60 0.81
96 44 0.87
42 43 0.9
32 62 0.83
43 94 0.88
64 38 0.98
77 34 0.88
61 29 1.0
16 79 0.86
77 39 0.9
23 8 0.96
94 68 0.83
62 19 0.75
45 48 0.81
24 64 0.9
26 77 0.81
12 31 0.96
33 24 0.79
17 2 0.99
91 39 0.97
46 10 0.95
28 52 0.83
22 12 0.81
62 23 0.92
15 54 0.89
31 8 0.75
47 60 0.77
18 17 0.92
27 97 0.97
34 7 0.93
45 29 0.93
58 81 0.76
49 85 0.9
16 67 1.0
15 48 0.88
19 43 0.96
55 54 0.97
71 61 0.99
81 2 0.77
59 68 0.93
58 9 0.77
90 39 0.75
17 69 0.98
0 19 0.86
76 23 0.97
78 5 0.91
62 25 0.89
62 37 0.78
36 65 0.97
39 17 0.76
56 7 0.91
17 83 0.78
32 85 0.76
73 5 0.89
49 62 0.79
30 79 0.97
5 100 0.95
79 20 0.93
61 84 0.79
49 50 0.9
64 30 0.78
14 80 0.99
66 86 0.86
69 34 0.8
100 77 0.97
42 48 0.75
1 92 0.89
81 17 0.91
44 61 1.0
44 68 0.94
81 91 0.85
79 63 0.83
98 41 0.86
15 78 0.75
75 34 0.91
82 100 0.94
54 31 0.96
16 93 0.87
22 59 0.82
97 78 0.96
38 32 0.75
39 60 0.98
1 22 0.95
22 42 0.91
35 40 0.99
22 11 0.9
38 76 0.97
74 11 0.78
20 96 0.76
91 38 0.8
48 19 0.93
55 33 0.86
88 50 0.86
87 64 0.77
35 44 0.86
46 97 0.83
25 3 0.83
60 41 0.92
89 74 0.9
21 23 0.9
4 66 0.76
36 92 0.79
4 20 0.77
9 53 0.78
83 40 0.83
19 89 0.92
11 32 0.79
61 90 0.95
72 23 0.9
31 22 0.98
100 33 0.76
17 47 0.9
67 36 0.79
100 42 0.9
99 11 0.84
87 91 0.84
15 55 0.76
67 66 0.87
68 93 0.76
55 42 0.82
52 38 0.76
39 14 0.86
24 40 0.8
43 4 0.83
41 33 0.79
88 81 0.81
42 52 0.92
59 37 0.8
94 21 0.84
69 0 0.85
54 98 0.79
48 18 0.82
2 95 0.97
45 60 0.8
62 51 0.8
73 8 0.75
10 4 0.98
62 29 0.89
72 79 0.94
11 11 0.83
16 100 0.98
85 29 0.76
40 100 0.83
11 42 0.91
49 99 0.79
54 19 0.96
5 63 0.82
0 75 0.78
32 60 0.88
26 55 0.92
18 26 0.76
51 7 0.84
27 43 0.8
1 26 0.94
5 51 0.8
78 96 0.95
1 49 0.77
41 13 0.75
9 20 0.82
5 14 0.96
98 4 0.92
28 66 0.95
65 8 0.97
26 15 0.87
64 48 0.85
66 7 0.96
36 35 0.82
7 1 0.86
55 87 0.86
66 35 0.95
91 0 0.93
7 20 0.99
18 77 0.94
76 79 0.99
88 35 0.86
22 44 0.88
92 90 0.75
85 54 0.92
56 8 0.81
72 63 0.92
44 49 0.79
90 76 0.93
99 64 0.86
26 39 0.75
77 50 0.99
82 16 0.97
48 55 0.78
88 29 0.93
59 27 0.75
50 20 0.84
65 15 0.78
25 56 0.8
97 90 0.75
56 55 0.93
35 0 0.99
71 31 0.92
50 97 0.79
5 33 0.94
3 68 0.93
22 37 0.84
24 93 0.82
89 72 0.89
60 14 0.8
71 96 0.9
3 77 0.9
9 64 0.93
6 13 0.8
25 65 0.97
