200 400 20 10
98 26
46 73
45 67
78 61
67 8
97 80
26 46
67 94
11 0
74 25
35 32
66 32
11 54
66 36
0 31
31 53
90 49
35 28
39 98
43 32
18 76
88 96
25 7
36 14
77 9
38 56
80 39
94 3
90 24
65 66
77 51
39 53
26 10
7 82
68 35
5 89
54 40
84 50
53 1
62 41
4 10
71 87
35 51
80 57
32 44
99 41
84 30
71 76
55 12
39 54
8 12
74 72
59 94
65 5
67 71
98 74
8 62
3 39
12 98
5 18
5 99
76 66
22 73
24 53
25 68
64 31
55 83
61 99
79 54
1 95
83 78
35 45
41 22
58 84
57 90
95 59
45 18
81 13
96 58
61 85
32 2
24 18
92 65
88 68
29 37
3 55
20 36
1 73
76 83
34 27
83 85
85 84
43 97
92 25
7 39
32 30
80 64
35 65
99 100
76 16
77 12
69 77
20 84
28 74
69 86
74 4
47 42
60 29
96 68
7 34
48 78
81 68
74 98
79 74
24 27
75 3
72 38
43 47
19 1
30 52
85 36
33 75
71 92
17 99
57 73
48 30
99 33
90 82
11 47
12 5
62 1
5 58
2 80
8 61
97 22
33 51
73 35
49 59
86 8
54 13
22 63
79 12
46 83
78 62
10 45
75 43
77 58
10 36
40 72
87 3
25 40
71 75
75 25
85 30
90 5
97 73
21 3
94 53
39 74
53 87
26 65
89 81
64 7
56 28
3 19
2 37
12 19
60 66
69 9
34 50
71 13
72 13
70 95
82 6
48 47
75 18
78 94
48 43
69 48
80 45
66 52
62 66
53 38
88 50
35 46
84 75
13 99
16 97
13 67
18 42
69 17
40 51
0 3
40 24
86 24
78 88
65 39
97 91
72 89
24 58
18 11 0.96
87 20 0.99
45 45 0.96
22 43 0.92
12 41 0.94
69 12 0.97
46 55 0.88
2 52 0.96
9 19 0.82
100 25 0.79
1 8 0.78
99 24 0.99
64 42 0.89
76 31 0.95
17 13 0.77
55 33 0.98
27 79 0.89
1 92 0.87
32 3 0.88
72 54 0.89
85 76 0.89
69 42 0.9
32 18 0.77
16 17 0.88
79 40 0.79
87 33 0.75
94 23 0.97
57 24 0.79
58 33 0.84
86 50 0.97
96 8 0.84
58 86 0.98
78 23 0.75
65 67 0.88
87 49 0.89
50 97 0.79
71 69 0.84
83 9 0.99
87 92 0.95
24 72 0.86
21 49 0.88
56 44 0.81
34 88 0.83
33 94 0.89
24 38 0.98
59 72 0.76
6 64 0.88
18 79 0.92
68 63 0.97
37 4 0.79
58 10 1.0
42 36 0.9
39 51 0.93
14 64 0.83
3 68 0.89
44 44 0.97
10 42 0.84
80 98 1.0
7 73 0.81
11 81 0.95
5 83 0.97
67 2 0.96
31 77 0.93
73 31 0.75
55 79 0.88
30 21 0.83
80 16 0.8
24 10 0.85
63 94 1.0
31 59 0.97
100 17 1.0
12 80 0.96
29 29 0.99
92 32 0.92
17 86 0.98
17 35 0.96
49 34 0.85
33 73 0.78
4 77 0.99
4 66 0.75
51 65 0.77
1 50 0.97
45 32 0.87
43 2 0.95
57 21 0.83
89 100 0.79
76 29 1.0
14 62 0.76
41 9 0.95
20 18 0.92
92 0 0.82
58 39 0.82
21 27 0.84
78 26 0.85
57 41 0.81
7 24 0.78
69 54 0.83
57 55 0.8
53 23 0.81
61 31 0.95
62 25 0.88
8 26 0.8
82 15 0.79
36 34 0.79
42 53 0.96
4 7 0.76
26 26 0.84
36 28 0.99
44 73 0.99
21 4 0.87
78 58 0.94
0 90 0.83
57 58 0.85
49 8 0.8
39 65 0.81
75 95 0.88
37 0 0.84
0 19 0.82
6 51 0.98
50 71 0.8
93 85 0.89
99 94 0.91
74 63 0.81
61 53 0.9
52 32 0.91
23 61 0.82
58 13 0.79
73 44 0.91
34 42 0.84
1 21 0.87
34 25 0.96
49 22 0.79
66 20 0.94
15 70 0.83
56 15 0.95
81 36 0.9
83 5 0.97
92 44 0.75
1 45 0.9
74 14 0.9
32 1 0.8
72 17 0.75
47 86 0.87
2 10 0.87
66 35 0.96
17 16 0.81
30 100 0.95
16 3 0.87
0 33 0.98
82 64 0.98
33 89 0.92
87 55 0.8
100 68 0.77
76 95 0.76
11 90 1.0
89 83 0.75
13 38 0.85
10 18 0.79
63 1 0.77
10 79 0.96
54 78 0.82
58 6 0.95
40 1 0.94
87 86 0.84
75 77 0.98
13 88 0.78
28 100 0.8
22 92 0.85
14 89 1.0
47 51 0.89
81 64 0.78
24 50 0.98
63 71 0.94
66 85 0.78
27 11 0.8
38 30 0.82
37 75 0.75
90 52 0.84
98 22 0.95
24 42 0.8
82 33 0.91
18 5 0.87
76 100 0.88
39 13 0.77
25 52 0.82
33 62 0.83
68 62 0.82
19 8 0.97
68 66 0.9
48 3 0.81
33 97 0.9
80 40 0.97
91 57 0.86
10 57 0.9
82 93 0.92
49 98 0.96
41 20 0.85
70 5 0.9
68 78 0.88
76 96 0.76
32 92 0.92
59 66 0.85
36 43 0.92
33 60 0.98
79 0 1.0
77 94 0.76
7 13 0.91
22 78 0.83
7 62 0.8
61 92 0.9
98 8 0.97
47 84 0.88
59 83 0.87
55 80 0.89
35 86 0.95
22 81 0.91
33 16 0.76
89 31 0.81
65 50 0.99
21 80 0.91
18 88 0.83
7 17 0.9
47 100 0.86
69 3 0.75
68 86 0.9
32 21 0.94
85 9 0.97
92 51 0.82
58 32 0.82
31 26 0.98
61 48 0.93
23 66 0.75
62 34 0.99
36 0 0.87
3 95 0.82
95 26 0.8
31 17 0.92
51 16 0.81
85 90 0.86
20 6 0.9
77 78 0.88
1 25 0.76
39 44 0.97
88 45 0.84
4 82 0.84
34 32 0.8
99 90 0.76
97 93 0.8
2 84 0.76
64 52 0.75
68 17 0.75
25 76 0.78
68 87 0.9
17 2 0.98
98 96 0.86
57 49 0.95
64 12 0.91
59 92 0.87
95 96 0.78
58 16 0.97
77 7 0.84
37 32 0.94
75 84 0.75
19 90 0.86
12 40 0.97
26 99 0.79
62 97 0.97
2 2 0.91
10 88 0.89
35 98 0.76
85 81 0.85
39 2 0.88
3 26 0.76
19 44 0.77
54 88 0.98
92 70 0.77
61 56 0.94
47 35 0.84
42 54 0.83
11 40 0.78
52 13 0.8
85 89 0.81
0 80 1.0
79 9 0.79
90 22 0.85
52 19 1.0
36 7 0.87
67 90 1.0
64 81 0.77
90 38 1.0
15 43 1.0
94 61 0.81
65 22 0.75
57 42 0.81
73 97 0.93
52 9 0.79
4 97 0.9
92 26 0.89
94 67 0.85
89 28 0.87
57 95 0.77
37 61 0.82
99 9 0.81
44 34 0.81
84 56 0.91
57 17 0.97
89 3 0.88
56 39 0.87
64 95 0.95
40 83 0.82
41 81 0.86
75 29 0.94
5 63 0.97
54 61 0.8
84 71 0.82
56 8 0.97
72 16 0.87
61 39 0.75
1 38 0.79
80 65 0.89
14 25 0.98
73 93 0.86
54 33 0.83
42 47 0.78
93 36 0.79
48 100 0.94
9 9 0.9
31 72 0.76
48 65 1.0
26 24 0.92
0 62 0.81
66 14 0.92
90 31 0.75
18 68 0.86
50 38 0.89
81 35 0.84
82 65 0.91
17 1 0.9
83 87 0.76
45 35 0.93
51 40 0.84
10 21 0.89
15 90 0.91
11 38 0.78
72 60 0.94
27 1 1.0
44 18 0.77
83 92 0.79
42 13 0.79
14 6 0.95
56 41 0.88
32 61 0.8
2 33 0.99
46 18 0.8
86 30 0.79
28 21 0.88
91 79 0.79
4 48 0.96
87 53 0.96
75 74 0.94
29 39 0.83
30 30 0.91
31 21 0.89
83 73 0.96
44 81 0.96
47 60 0.83
53 70 0.99
60 55 0.88
46 50 0.81
58 31 0.99
71 68 0.95
78 11 0.81
9 1 1.0
53 37 0.75
58 55 0.88
17 44 0.93
93 66 0.84
6 91 0.93
1 77 0.98
23 100 0.87
6 5 1.0
4 73 0.99
74 61 0.94
9 55 0.83
50 20 0.96
63 60 0.77
41 53 0.8
69 81 0.89
41 6 0.88
6 97 0.99
48 21 0.97
4 67 0.75
53 40 0.77
22 72 0.97
63 65 0.96
65 7 0.83
56 27 1.0
43 61 0.86
56 30 0.98
83 63 0.75
