200 400 50 10
67 34
56 99
13 91
17 87
14 100
65 2
79 89
49 57
80 60
70 74
98 51
35 93
18 73
97 50
93 54
17 80
67 40
97 47
0 11
57 46
75 82
73 92
22 96
65 11
97 51
33 71
63 94
89 53
2 68
46 51
2 25
72 99
99 91
11 80
23 37
15 43
30 58
24 4
11 47
60 9
63 46
67 92
95 6
6 71
37 18
52 14
20 85
40 29
95 40
51 11
26 66
4 8
16 87
50 12
72 77
11 7
56 52
26 76
52 100
33 87
20 96
65 80
26 19
22 33
91 14
33 33
23 97
3 74
35 90
43 56
9 92
23 84
64 62
79 99
33 10
4 18
76 45
60 29
32 55
39 72
42 27
56 18
49 21
87 19
10 28
38 20
20 19
35 89
61 72
69 8
45 25
16 7
3 62
85 76
77 91
53 52
39 7
52 10
65 48
89 82
1 0
74 44
28 63
50 40
99 96
9 20
48 65
51 86
72 86
49 62
54 5
39 14
62 60
6 64
34 51
60 84
75 57
20 74
48 93
62 100
3 40
55 21
83 45
62 82
27 81
36 89
69 72
5 79
5 37
15 42
80 8
1 16
95 50
81 47
81 8
86 24
60 11
76 0
89 18
17 90
0 51
64 14
47 8
80 25
7 80
85 48
96 70
91 46
71 77
72 30
37 43
16 89
95 84
53 99
71 51
92 30
59 73
81 92
86 13
3 31
83 0
20 18
79 48
58 32
9 25
90 31
66 65
54 80
70 4
74 46
9 97
31 20
92 81
6 35
5 17
23 40
60 18
26 68
12 66
81 91
92 78
85 13
89 69
93 93
99 65
2 87
96 69
7 5
45 37
78 47
17 0
39 13
52 50
16 32
19 72
44 96
1 97
59 79
16 73
96 27
7 65 0.92
75 71 0.97
88 21 0.98
43 12 0.96
74 95 0.89
61 9 0.81
37 14 0.96
38 10 0.8
70 75 0.81
45 38 0.77
31 40 1.0
13 31 0.81
41 65 0.76
36 80 0.87
28 76 0.75
41 19 0.83
30 93 0.99
0 28 0.89
47 99 0.88
91 63 1.0
31 56 0.91
10 1 0.89
35 87 0.79
4 43 0.79
96 40 0.99
58 44 0.84
60 25 0.9
22 72 0.88
24 24 0.83
30 24 0.9
20 1 0.89
57 33 0.76
45 69 0.82
7 73 0.99
4 88 0.99
88 91 0.97
28 49 0.76
67 71 0.93
1 68 0.82
37 47 0.81
77 46 0.82
4 1 0.8
43 49 0.93
1 35 0.96
66 80 0.89
27 80 0.75
23 62 0.94
100 74 0.87
97 30 0.82
2 76 0.96
4 58 0.8
43 46 0.91
90 66 0.77
1 77 0.85
55 33 0.77
92 65 0.76
33 46 0.9
10 65 0.94
79 100 0.75
88 100 0.76
38 69 1.0
60 37 0.77
8 75 0.94
96 7 0.76
97 54 0.9
0 64 0.84
52 75 0.76
18 64 0.94
22 23 1.0
99 57 0.8
45 12 0.99
90 13 0.96
29 63 0.77
7 91 0.77
73 2 0.75
16 76 0.91
87 71 1.0
54 1 0.97
16 1 0.89
17 35 0.81
87 65 0.87
87 97 0.87
68 27 0.84
8 47 0.75
62 94 0.95
37 34 0.95
29 89 0.96
33 20 0.89
7 72 0.79
78 6 0.95
7 60 0.75
99 25 0.77
83 13 0.98
28 6 0.92
62 31 0.83
37 77 0.93
3 85 0.82
65 41 1.0
35 56 0.86
49 76 0.93
9 89 0.95
30 36 0.9
80 97 0.94
29 56 0.96
54 90 0.78
91 27 0.76
8 40 0.76
9 52 0.79
42 29 0.9
46 16 0.9
18 89 0.9
53 56 0.99
40 59 0.87
66 98 0.99
61 39 0.9
63 4 0.89
69 32 0.84
54 76 0.82
74 27 0.97
88 8 0.79
86 47 0.94
92 7 0.8
33 58 0.94
17 73 0.93
0 5 0.91
69 31 0.99
90 42 0.9
90 94 1.0
69 62 1.0
16 83 0.84
99 95 0.91
18 58 0.85
41 53 0.92
0 8 0.93
60 13 0.79
73 60 0.94
89 97 0.87
11 38 0.8
39 5 0.94
98 87 0.99
23 86 0.87
16 78 0.86
82 46 0.95
83 61 0.86
68 87 0.88
73 1 0.98
22 92 0.89
78 20 0.89
50 81 0.88
23 71 0.82
29 3 0.92
6 91 0.89
97 20 0.94
7 27 0.99
48 78 0.9
82 92 1.0
19 29 1.0
68 91 0.86
5 3 0.83
4 78 0.78
65 28 0.96
97 97 0.88
12 91 0.84
70 0 0.96
100 55 0.92
27 99 0.92
20 3 0.78
85 19 0.86
94 1 0.75
38 60 0.75
95 74 0.9
23 14 0.82
90 74 0.93
13 99 0.92
75 86 0.76
62 87 0.8
65 12 0.75
90 95 0.93
88 76 0.89
96 90 0.97
49 72 0.96
87 18 0.85
72 64 0.77
77 1 0.78
52 33 0.83
90 7 0.9
97 68 0.97
39 92 0.81
93 22 0.91
30 9 0.87
44 72 0.78
27 61 0.83
11 64 0.76
67 94 0.82
86 39 0.85
90 39 0.84
28 57 0.9
3 93 0.99
64 56 0.95
5 61 0.92
41 25 0.75
38 51 0.76
62 53 0.76
19 83 0.82
0 25 0.9
66 70 0.97
91 4 0.97
23 73 0.87
75 26 0.99
18 32 0.92
35 26 0.91
87 59 0.87
20 50 0.91
37 73 1.0
37 96 0.81
92 96 0.97
46 38 0.87
83 17 0.88
55 30 0.95
98 17 0.93
22 64 0.82
72 19 0.89
36 32 0.98
22 73 0.8
92 72 0.93
80 48 0.87
21 60 0.82
81 37 0.9
0 50 0.88
27 20 0.76
17 81 0.87
58 52 0.89
79 85 0.95
88 10 0.96
7 64 0.86
27 30 0.82
13 57 0.92
94 29 0.91
55 82 0.77
17 20 0.83
19 4 0.86
35 88 0.76
17 89 0.75
52 0 0.96
35 46 0.77
89 48 0.84
22 44 0.95
71 22 1.0
43 5 0.98
73 94 0.98
99 11 0.97
77 63 0.93
21 19 0.81
14 75 0.79
54 53 0.87
6 67 1.0
84 41 0.91
1 43 0.98
28 40 0.91
53 31 0.92
99 38 0.99
25 47 0.97
50 43 0.77
15 86 0.99
90 1 0.97
98 81 1.0
38 87 0.99
20 33 0.95
13 96 0.99
32 85 0.94
7 76 0.92
48 23 0.89
24 97 0.75
78 65 0.77
87 38 0.96
48 100 0.82
35 79 0.95
9 39 0.82
97 31 0.75
79 55 0.75
69 94 0.88
44 38 0.93
43 97 0.8
94 96 0.79
13 50 0.76
99 10 0.94
23 90 0.97
9 5 0.86
79 64 0.89
79 9 0.96
30 99 0.8
42 63 0.85
2 10 0.85
3 4 0.91
94 64 0.83
7 63 0.95
95 63 0.93
56 41 0.81
7 97 0.86
89 41 0.85
20 99 0.89
82 67 0.99
89 77 0.9
82 15 0.9
72 8 0.99
45 90 0.76
43 81 0.89
68 33 0.83
91 29 0.95
31 10 0.82
6 78 0.82
36 36 0.81
28 1 0.91
76 25 0.96
20 31 0.99
6 88 0.84
3 52 0.85
55 67 0.82
3 50 0.76
73 48 0.8
73 76 0.84
3 43 0.79
95 98 0.93
6 79 0.83
86 81 0.9
29 46 0.86
28 50 0.95
77 79 0.77
39 89 0.99
87 82 0.85
75 66 0.92
100 48 0.8
93 74 0.96
43 98 0.86
25 79 0.79
86 60 0.93
8 41 0.99
13 13 0.9
19 28 0.75
55 95 0.86
64 31 0.9
16 48 1.0
15 20 0.93
67 9 0.97
26 70 0.85
25 12 0.87
30 86 0.83
95 19 0.92
96 58 0.97
21 4 0.79
55 61 0.94
34 15 0.75
8 64 0.97
8 29 0.77
11 71 0.96
3 87 0.85
42 99 0.76
77 39 0.93
22 89 0.77
98 97 0.78
14 53 0.81
64 89 0.75
50 21 0.94
99 84 0.75
95 73 0.85
54 58 0.81
63 47 0.89
33 55 0.79
51 9 0.97
14 63 0.77
25 84 0.8
47 49 0.98
77 95 0.79
86 90 0.85
47 80 0.78
6 95 0.89
23 31 0.92
59 69 0.9
63 58 0.77
14 71 0.77
32 89 0.93
8 63 0.87
95 87 0.81
16 70 0.77
50 96 0.8
1 53 0.87
21 48 0.75
38 71 0.98
50 65 0.81
14 66 0.89
27 75 0.98
52 76 0.96
52 81 0.93
69 56 0.92
63 92 0.85
33 5 0.78
7 44 0.8
3 8 0.95
51 62 0.94
29 48 0.9
