200 400 100 10
95 66
34 86
61 89
10 48
8 29
0 54
13 91
42 1
80 97
22 57
88 44
20 61
11 18
51 83
49 31
97 31
28 44
54 59
14 68
41 23
15 29
17 3
53 93
41 74
7 30
34 30
97 89
1 62
7 61
100 23
34 39
26 66
100 50
74 33
70 36
45 57
21 72
85 71
85 38
15 6
82 61
76 58
86 75
100 27
90 59
9 63
94 55
20 91
4 62
35 43
14 50
91 73
25 89
3 3
20 33
78 34
95 1
35 64
32 62
1 0
33 81
85 3
66 96
29 63
60 33
23 60
92 99
3 34
24 48
81 90
90 2
40 93
26 42
8 15
25 30
83 4
46 44
5 36
14 39
3 72
68 34
77 45
38 2
17 99
41 62
83 76
35 3
57 41
97 95
37 29
59 84
45 20
59 54
79 68
33 5
74 0
72 1
15 22
89 49
80 90
89 51
35 83
85 52
15 3
4 65
3 54
50 42
1 60
93 66
28 42
19 14
89 37
84 62
80 43
23 17
89 78
44 83
72 76
93 42
100 7
28 71
83 49
1 7
8 43
38 82
21 31
29 55
63 65
21 95
12 25
65 66
12 56
30 60
81 38
89 45
0 34
85 64
73 94
97 30
92 88
48 13
37 98
47 43
55 5
97 10
74 41
81 41
61 45
71 96
59 39
70 26
35 40
1 93
23 58
38 53
55 94
73 54
27 3
76 64
42 91
42 2
87 61
6 38
67 96
26 10
65 32
72 34
100 74
4 76
79 46
51 13
9 24
62 44
62 52
27 10
15 75
51 43
52 89
82 47
51 17
34 48
65 98
21 82
31 87
28 16
66 26
60 34
60 42
59 14
17 39
41 60
29 69
52 74
25 47
1 90
21 8
94 78
41 30
45 99
42 46
40 30 0.81
80 11 0.8
99 2 0.96
55 22 0.93
96 27 0.85
9 15 0.77
55 9 0.97
71 94 0.93
3 98 0.9
67 7 0.98
24 95 1.0
89 97 0.84
33 45 0.79
59 92 1.0
0 27 0.81
46 16 0.99
19 17 0.81
38 3 0.99
35 45 0.81
38 83 0.9
64 69 0.81
66 70 0.76
4 15 0.95
54 67 0.91
46 64 0.83
86 53 0.76
34 34 0.8
93 52 0.9
82 5 0.84
35 38 0.84
41 12 0.86
1 3 0.83
80 93 0.82
2 43 0.79
3 67 0.76
65 92 0.85
55 25 0.96
22 5 0.77
48 1 0.92
4 21 0.84
23 10 0.94
91 2 0.89
29 99 0.8
64 42 0.81
56 89 0.98
13 45 0.92
21 54 0.83
77 17 0.96
12 35 0.78
45 28 0.78
89 58 0.98
20 71 0.89
97 84 0.76
28 75 0.9
56 15 0.84
47 97 0.85
32 9 0.97
4 94 1.0
69 81 0.75
87 36 0.78
8 87 0.96
20 36 0.76
75 5 0.87
88 1 0.78
65 14 0.75
36 13 0.81
62 63 0.87
51 64 0.83
8 53 0.79
84 91 1.0
83 47 0.91
26 45 0.96
69 35 0.75
11 42 0.94
3 82 0.91
66 6 0.78
43 96 0.86
71 84 0.98
11 65 0.85
22 92 0.81
33 28 0.75
75 49 0.93
33 51 0.86
64 19 0.88
49 62 0.98
39 37 0.86
50 90 0.97
17 44 0.98
10 33 0.94
85 48 0.75
22 12 0.8
52 49 0.91
44 2 0.91
13 17 0.9
73 90 0.97
67 74 0.89
25 42 0.76
5 77 0.93
24 23 0.85
90 11 0.83
14 37 0.91
18 96 0.94
49 16 0.81
5 52 0.75
51 61 0.91
31 55 0.89
82 39 0.93
21 79 0.9
49 9 0.9
60 79 0.9
92 100 0.96
45 40 0.91
17 58 0.79
70 53 0.82
73 84 0.88
97 45 0.99
9 45 0.97
53 36 0.8
71 87 1.0
49 34 0.94
82 0 0.79
47 73 0.82
37 83 0.99
55 38 0.83
51 6 0.8
37 16 0.93
42 30 0.99
20 35 0.76
67 35 0.82
2 44 0.75
89 13 0.88
7 91 0.88
85 12 0.91
56 48 0.83
7 71 0.94
10 45 0.75
9 26 0.77
76 79 0.78
34 83 0.78
4 56 0.93
96 51 0.95
0 9 0.88
20 73 0.86
6 73 0.9
1 2 0.84
98 20 0.77
94 70 0.82
0 25 0.82
24 67 0.98
64 57 0.76
6 52 0.91
5 42 0.87
86 96 0.79
68 88 0.85
58 64 0.75
44 34 0.93
63 66 0.99
90 56 0.82
83 20 0.91
41 26 0.93
71 91 0.86
7 2 0.79
27 13 0.83
8 20 0.76
15 57 0.99
40 59 0.8
35 53 0.92
51 45 0.75
79 47 0.78
18 12 1.0
36 20 0.89
81 9 0.98
12 63 1.0
10 15 0.91
11 94 0.76
100 54 0.97
94 33 0.97
12 61 0.82
86 51 0.93
45 67 0.88
57 34 0.85
26 15 0.88
93 12 0.77
79 7 0.77
54 64 0.96
32 3 0.84
56 67 0.84
56 12 0.94
28 50 0.9
84 92 0.95
1 85 0.88
99 93 0.81
76 20 0.96
21 44 0.88
72 86 0.83
95 12 0.75
79 8 0.85
77 34 0.89
47 33 0.96
13 63 0.81
89 64 0.88
89 53 0.9
22 35 0.98
13 57 0.75
61 11 0.88
82 69 0.88
76 25 0.88
28 97 0.79
71 82 0.96
38 97 0.87
31 9 0.92
38 77 0.98
43 33 0.82
80 9 0.82
19 26 0.95
53 97 0.79
11 92 0.75
66 24 0.94
7 32 0.94
52 91 0.75
21 26 0.9
66 8 0.99
18 64 0.9
71 90 0.75
23 21 0.87
39 31 0.75
70 27 0.85
33 9 0.77
21 89 0.98
74 34 0.93
28 91 0.89
24 96 0.94
9 96 0.82
59 60 0.77
47 63 0.97
68 49 0.99
6 82 0.88
59 79 1.0
2 15 0.89
39 7 0.97
55 19 0.78
26 35 0.95
56 7 0.83
45 6 0.81
1 54 0.81
60 5 0.84
0 95 0.99
61 44 0.89
44 27 0.82
51 88 0.81
69 72 0.89
62 20 0.97
76 22 0.79
41 88 0.76
28 35 0.98
1 28 0.83
81 12 0.95
99 67 0.8
41 84 0.98
77 74 0.86
66 76 0.8
92 22 0.79
33 12 0.77
9 6 0.9
21 48 0.99
47 61 0.77
7 17 0.89
86 92 0.89
90 81 0.96
22 64 0.81
17 22 1.0
65 15 0.93
4 91 0.98
96 68 0.81
34 33 0.84
24 77 0.87
40 37 0.93
67 6 0.91
89 2 0.86
93 81 1.0
67 24 0.95
82 76 0.78
53 25 1.0
15 4 0.87
91 61 0.95
74 78 0.81
91 44 0.86
61 62 0.92
37 97 0.8
0 70 0.76
77 30 0.94
93 84 0.79
62 16 0.76
51 59 0.77
1 83 0.88
2 67 0.82
2 1 0.96
93 51 0.93
99 96 0.92
38 48 0.92
94 29 0.86
89 24 0.86
84 66 0.9
84 8 0.87
85 72 0.76
83 33 0.86
60 12 0.89
19 35 0.92
58 12 0.85
87 74 0.77
20 46 0.98
67 16 0.85
93 19 0.86
96 98 0.91
38 40 0.92
3 40 0.87
100 59 0.9
29 10 0.94
74 90 1.0
51 66 0.82
67 86 0.9
62 0 0.84
13 48 0.75
41 86 0.87
7 42 0.79
27 35 0.88
2 3 0.98
44 42 0.79
84 97 0.77
57 82 0.9
49 58 0.77
39 3 0.86
65 53 0.86
63 97 0.75
88 18 0.79
77 10 0.9
20 89 0.8
37 79 0.8
21 66 1.0
70 77 0.88
57 79 0.85
86 78 0.89
31 99 0.87
18 3 0.99
11 9 0.96
79 23 0.82
76 82 0.76
69 31 1.0
97 20 0.78
29 8 1.0
98 75 0.97
98 5 0.82
14 38 0.75
80 19 0.83
14 30 0.99
82 96 0.78
36 83 0.77
63 39 0.77
79 85 0.91
0 17 0.8
86 31 0.75
12 71 0.82
26 29 0.81
29 32 0.85
75 10 0.94
23 93 0.81
64 55 0.87
97 50 0.81
84 77 0.96
34 62 0.78
97 22 0.91
97 25 0.84
6 72 0.85
69 90 0.91
44 84 0.87
92 44 0.91
45 96 0.76
45 25 0.78
20 27 0.99
63 9 0.95
89 1 0.96
47 60 0.84
69 83 0.75
4 98 0.94
5 75 0.78
79 79 0.84
27 75 0.88
25 38 0.79
20 40 0.9
61 63 0.76
25 9 0.97
16 95 0.78
16 34 0.8
10 99 0.78
80 65 1.0
27 66 1.0
45 4 0.83
62 93 0.85
98 88 0.92
81 60 0.81
