200 400 100 10
7 17
25 4
28 48
96 100
72 62
16 11
5 0
72 100
30 73
82 11
1 19
53 17
26 62
40 23
9 87
77 51
71 89
93 88
56 48
3 68
25 60
69 46
48 29
6 17
53 15
15 95
74 1
88 0
49 95
30 28
88 61
47 88
54 13
16 38
1 7
16 17
44 83
80 5
79 20
12 73
88 41
42 41
85 12
57 80
16 4
62 1
21 89
83 65
17 90
66 70
87 99
28 52
23 14
59 28
71 87
44 14
4 11
33 99
38 9
2 93
8 9
53 42
27 74
48 87
15 66
40 18
8 62
79 60
9 98
59 94
100 54
67 84
73 53
46 84
20 49
47 36
52 79
86 16
92 57
20 16
62 29
45 93
27 62
74 6
89 55
47 53
25 87
25 35
76 17
86 18
49 65
43 73
44 5
73 69
44 33
63 6
18 54
34 42
30 54
64 56
74 99
57 47
43 7
24 33
77 11
6 0
66 60
62 90
93 67
85 33
63 49
7 67
33 64
8 56
56 86
71 52
2 81
91 8
66 82
91 41
32 27
70 95
57 31
81 49
59 1
45 5
17 83
2 25
86 43
80 71
68 88
33 48
98 5
18 43
95 25
15 61
94 8
53 36
60 77
57 4
85 50
0 100
91 4
99 39
97 3
75 62
77 82
82 52
20 41
3 63
45 13
86 84
6 95
24 38
5 33
10 34
87 71
3 40
36 81
72 39
58 2
57 39
45 28
44 62
4 96
20 34
73 83
79 94
6 1
25 46
98 28
27 48
83 72
79 72
13 60
25 10
33 4
33 23
37 48
42 99
29 53
40 78
47 80
92 79
38 86
74 35
96 65
3 85
95 2
87 88
13 18
93 11
85 8
0 57
41 72
100 62
97 89
79 86
62 76
81 47
58 28 0.78
54 84 0.95
61 55 0.94
28 40 0.99
54 21 0.76
36 73 0.89
40 46 0.86
35 60 0.93
2 41 0.86
99 78 0.92
84 0 0.93
94 74 0.91
49 4 0.91
83 87 0.94
35 82 0.97
100 83 0.85
46 25 0.78
7 14 0.92
77 18 0.94
11 32 0.8
52 33 0.99
32 4 0.9
21 36 0.79
16 45 0.8
63 16 0.79
72 16 0.89
54 6 0.79
70 53 0.86
44 11 1.0
78 5 0.89
19 9 0.96
58 75 0.8
45 78 0.79
34 11 0.76
97 94 0.78
3 88 0.78
31 19 0.76
41 45 0.75
44 1 0.9
62 27 0.96
95 18 0.95
48 93 0.75
91 57 0.76
26 35 0.88
51 99 0.87
63 1 0.98
60 11 0.8
0 82 0.91
54 78 0.95
22 33 0.75
93 41 0.82
2 31 0.81
57 44 0.87
92 94 0.77
47 50 0.81
33 24 0.89
96 7 0.81
1 88 0.91
83 40 0.79
89 100 0.75
88 1 0.81
45 21 0.79
70 44 0.81
37 98 1.0
99 8 0.89
93 32 0.77
59 34 0.78
96 11 0.92
54 9 0.78
83 18 0.89
31 8 0.98
31 53 0.82
87 11 0.91
46 85 0.94
63 97 1.0
10 2 0.91
27 70 0.81
89 67 0.89
36 68 0.99
26 63 0.86
77 57 0.83
8 19 0.82
80 36 0.94
86 86 0.88
48 11 1.0
36 2 0.84
29 28 0.97
98 21 0.93
6 21 0.76
85 56 0.81
1 33 0.92
87 78 0.88
54 67 0.95
50 36 0.78
84 91 0.82
52 90 0.93
10 50 0.86
44 86 0.96
21 64 0.78
25 31 0.85
7 97 0.96
29 59 0.94
97 13 0.97
17 50 0.8
45 7 0.75
8 5 0.77
52 96 0.94
59 22 0.93
100 35 0.89
1 93 0.86
79 3 0.9
89 39 1.0
17 44 0.81
18 87 0.87
12 93 0.94
25 56 0.75
84 20 0.79
61 21 0.79
98 75 0.85
46 24 0.75
74 63 0.77
60 56 0.84
65 20 0.81
89 32 0.92
46 78 0.94
2 79 0.87
51 82 0.81
77 23 0.81
88 88 0.85
41 12 0.93
75 22 0.97
72 17 0.83
73 42 0.86
15 12 0.76
76 86 0.83
69 49 0.79
77 14 0.9
87 29 0.84
53 33 0.96
60 67 0.88
97 67 0.99
29 1 0.83
76 11 0.91
14 25 0.83
71 17 0.92
0 64 0.85
21 61 0.99
27 17 0.9
60 54 0.93
99 21 0.97
12 53 0.8
58 51 0.9
74 38 0.91
37 41 0.82
8 28 0.86
92 41 0.84
72 29 0.91
90 45 0.82
87 93 0.97
55 39 0.93
89 83 0.89
87 21 0.76
12 63 0.89
72 83 0.81
33 63 0.92
97 95 0.93
34 54 0.85
60 5 0.81
29 29 0.76
97 53 0.85
79 45 0.99
87 6 0.79
79 59 0.9
11 68 0.97
7 77 0.77
9 91 0.79
99 61 0.91
20 72 0.83
83 74 0.85
31 87 0.93
91 94 0.83
4 84 0.87
22 16 0.93
50 62 0.84
24 7 0.95
42 71 0.95
12 92 0.79
55 21 0.78
45 41 0.89
32 58 0.93
32 56 0.75
32 73 0.86
73 93 0.99
75 17 0.95
85 98 0.94
50 8 0.94
70 12 0.98
47 81 0.82
57 76 0.76
80 7 0.98
16 1 0.76
79 24 0.81
29 51 0.82
33 22 0.82
55 73 0.94
97 56 0.81
36 7 0.93
44 57 0.75
79 56 0.88
98 33 0.9
88 46 0.93
33 89 0.96
36 72 0.87
60 96 0.79
47 28 0.75
62 8 0.92
14 12 0.79
75 26 0.92
67 55 1.0
39 26 0.83
8 93 0.79
67 40 0.77
59 14 0.89
92 93 0.99
13 97 1.0
59 12 0.87
91 17 0.91
49 58 0.79
68 94 0.95
74 92 0.78
78 89 0.98
48 98 1.0
82 82 0.83
94 75 0.76
32 10 0.92
86 75 0.77
40 13 0.97
70 60 0.99
62 16 0.94
91 95 0.76
82 79 0.77
59 75 0.89
88 36 0.9
25 38 0.95
6 8 0.88
74 27 0.92
68 81 0.85
61 6 0.95
93 95 0.83
97 30 0.84
0 62 0.99
35 55 0.96
29 54 0.83
66 76 0.97
72 96 0.92
24 79 1.0
95 19 0.89
40 53 0.86
68 6 0.89
76 42 0.86
18 13 0.75
85 11 0.89
53 83 0.87
57 13 0.97
6 23 0.9
73 43 0.99
10 16 0.77
26 78 0.81
72 32 0.8
94 88 0.88
73 16 0.98
8 54 0.81
23 18 0.81
3 23 0.86
14 7 1.0
23 98 0.89
19 100 1.0
5 86 0.9
29 49 0.99
74 31 0.78
0 88 0.95
5 6 0.8
94 0 0.99
75 70 0.93
88 65 0.9
9 69 0.96
7 66 0.93
10 76 0.93
11 34 0.99
41 47 0.79
64 80 0.89
13 96 0.88
42 7 0.76
61 87 0.97
0 84 0.97
60 100 0.87
60 70 0.97
22 13 0.89
5 67 0.87
81 67 0.81
60 44 0.75
74 4 0.98
97 75 0.84
94 98 0.75
75 96 0.85
0 60 0.75
16 21 0.77
100 84 0.81
34 33 0.94
52 24 0.79
33 38 0.96
9 86 0.86
31 85 0.82
58 86 0.84
91 73 0.83
56 30 0.75
59 37 0.75
25 93 0.8
79 34 0.78
63 45 0.82
88 90 0.91
48 100 0.93
92 28 0.98
38 81 0.84
91 92 0.98
21 87 0.84
88 78 0.81
52 93 0.86
93 90 0.97
42 91 0.76
13 44 0.83
14 64 0.85
70 43 0.84
91 51 0.82
85 92 0.84
64 37 0.89
30 35 0.82
8 89 0.83
36 65 0.86
37 21 0.9
20 54 0.89
86 88 0.87
91 47 0.96
10 83 0.98
29 8 0.89
13 81 0.83
8 11 0.8
92 78 0.9
12 17 0.93
27 72 0.77
43 26 0.84
52 69 0.93
67 47 0.82
70 50 0.82
28 24 0.98
90 85 0.75
14 87 0.75
56 99 0.9
92 2 0.81
63 74 0.97
87 34 0.99
27 78 0.81
38 10 0.98
5 47 0.76
11 9 0.86
17 43 0.75
90 71 0.75
83 1 0.88
4 20 0.89
6 88 0.81
69 74 0.99
100 44 1.0
32 77 0.9
82 50 0.98
10 28 0.84
19 16 0.84
84 14 0.76
70 11 0.75
21 96 0.98
48 64 0.83
11 8 0.97
67 100 0.79
69 35 0.96
17 13 0.77
89 61 0.76
31 44 0.98
96 30 0.8
18 70 0.77
35 97 0.87
42 82 0.98
36 52 0.95
86 34 0.93
83 15 0.75
3 69 0.85
99 40 0.97
51 20 0.93
40 33 0.86
91 29 0.89
58 59 0.97
49 60 0.99
