200 400 20 10
48 90
31 23
37 86
97 53
78 54
15 82
31 73
30 60
82 36
54 30
75 29
18 80
12 53
86 97
54 2
0 25
84 41
52 46
45 66
49 15
9 1
25 85
35 26
56 94
98 0
69 38
86 54
69 29
4 37
99 83
21 13
49 36
97 65
41 70
60 36
99 66
96 7
32 52
13 14
33 82
86 56
93 91
85 97
78 34
72 67
40 26
10 5
10 7
79 38
26 94
86 15
99 55
13 31
28 57
64 26
98 97
30 78
50 78
41 8
26 32
88 40
31 2
6 84
30 38
8 39
11 82
24 51
67 90
17 36
1 37
35 7
58 71
49 37
37 35
70 47
25 91
22 98
89 49
64 19
33 2
84 68
72 93
76 42
30 43
56 89
39 76
76 50
58 64
85 22
92 98
53 35
45 58
37 61
24 96
2 33
0 3
21 7
7 29
11 4
65 61
57 32
75 74
51 80
2 88
10 32
32 92
81 55
7 13
63 15
77 54
50 15
29 82
99 75
76 38
30 3
4 28
24 93
7 90
87 87
7 22
67 58
76 72
51 90
35 40
65 62
73 74
27 32
27 68
88 45
44 44
100 25
80 39
5 20
39 26
29 53
74 40
68 85
74 57
11 79
64 71
58 46
23 89
34 12
41 39
25 19
12 29
65 17
2 64
91 18
4 4
64 18
44 40
43 79
70 26
4 53
9 20
53 14
8 2
43 1
59 81
6 89
31 87
25 59
40 98
79 96
82 51
90 63
3 86
94 7
43 97
95 37
55 10
41 94
32 1
84 82
26 91
72 55
25 30
44 93
63 56
47 16
43 70
52 36
35 71
100 16
82 46
36 91
52 38
32 6
12 100
5 31
50 54
44 0
15 50
15 7
33 99
60 30
50 33
16 65
18 72
22 7 0.96
38 63 0.93
59 16 0.76
13 52 0.82
39 20 0.79
25 52 0.9
11 74 0.97
95 46 0.97
8 12 0.79
85 2 0.9
97 61 0.84
28 50 0.92
88 1 0.9
27 10 0.9
68 7 0.99
86 45 0.91
30 95 0.97
22 53 0.78
29 50 0.96
42 18 0.89
34 42 0.97
0 57 0.92
51 65 0.75
12 88 0.77
52 51 0.88
22 64 0.82
22 31 0.8
56 56 0.79
10 80 0.88
53 74 0.98
9 65 0.8
59 57 0.83
42 10 0.91
48 57 0.89
27 13 0.9
34 93 0.76
29 75 0.76
53 96 0.78
0 67 0.75
90 8 0.9
50 20 0.93
27 18 0.95
81 11 0.79
16 51 1.0
47 47 0.83
90 84 0.91
48 54 0.98
84 4 0.99
74 96 0.81
25 69 0.98
92 18 0.91
47 26 0.98
77 21 0.92
48 22 0.93
46 98 0.86
61 59 0.82
30 28 0.77
82 9 0.82
41 73 0.75
89 50 0.77
28 15 0.82
6 83 0.96
61 58 0.95
5 56 0.89
22 29 0.82
16 24 0.91
3 39 0.85
76 90 0.75
10 36 0.98
93 2 0.97
44 47 0.77
6 41 0.81
41 100 0.81
94 45 0.79
70 96 0.78
25 56 0.93
6 44 0.97
40 99 0.88
11 64 0.9
68 55 0.8
16 63 0.82
36 60 0.99
0 66 0.81
93 7 0.75
14 29 0.81
48 23 0.78
10 88 0.87
12 64 0.9
8 55 0.98
23 70 0.89
82 96 0.93
87 77 0.92
92 26 0.82
90 36 0.95
34 50 0.78
8 57 0.95
18 39 0.97
86 60 0.87
96 56 0.93
44 74 0.78
56 62 0.88
64 64 0.79
51 17 0.94
98 39 1.0
10 67 0.94
33 46 0.99
38 23 0.81
96 17 0.75
65 39 0.81
75 81 0.8
0 88 0.89
82 21 0.83
7 18 0.76
3 93 0.86
37 49 0.81
43 87 0.8
33 31 1.0
59 77 0.81
80 73 0.81
89 27 0.8
71 54 0.92
93 89 0.97
53 23 0.79
89 14 0.87
3 27 0.75
8 98 0.82
46 56 0.99
57 3 0.93
65 2 0.9
25 42 0.97
42 66 0.76
6 2 0.76
90 82 0.79
3 100 0.8
42 38 0.98
17 83 0.89
61 97 0.96
59 83 0.8
82 78 0.95
80 92 0.82
84 15 0.83
49 47 0.98
82 89 0.99
33 79 0.86
6 19 0.92
40 76 0.88
20 27 0.85
84 29 0.86
5 5 0.79
72 35 0.87
17 4 0.86
59 91 0.82
3 92 0.76
80 67 0.87
56 95 1.0
97 5 0.97
61 52 0.89
39 77 1.0
22 85 0.97
42 89 1.0
51 75 0.92
34 36 0.99
52 70 0.79
19 56 0.89
26 79 0.76
100 56 0.96
69 14 0.91
36 55 0.91
56 98 0.92
99 17 0.89
46 64 1.0
96 90 0.87
50 74 1.0
22 99 0.94
25 18 0.8
10 75 0.88
85 73 0.76
28 53 0.96
51 36 0.84
37 97 0.84
12 58 0.77
67 39 0.91
2 16 0.88
70 91 0.98
42 63 0.9
13 89 0.77
75 2 0.98
27 16 0.96
8 91 0.79
23 96 0.91
62 51 0.91
90 83 0.99
71 66 0.9
33 59 0.77
71 43 0.76
85 9 0.79
17 73 0.92
32 75 0.93
94 69 0.91
17 62 0.82
56 99 0.99
54 60 0.87
86 80 0.92
52 29 0.85
46 75 0.96
50 67 0.82
87 58 0.89
59 5 0.96
16 21 0.81
58 60 0.75
70 4 0.82
81 1 0.81
18 6 0.88
73 55 0.86
69 43 0.92
9 53 0.99
17 22 0.97
99 38 0.99
34 66 0.81
47 68 0.89
55 20 0.99
60 5 0.91
42 9 0.9
93 38 0.86
47 41 0.94
48 35 1.0
39 46 0.89
98 57 0.97
14 48 0.94
49 68 0.9
64 87 0.8
26 47 0.94
42 84 0.98
82 19 0.84
35 4 0.82
99 15 0.97
55 49 0.86
53 55 0.81
6 8 0.9
27 3 0.75
65 12 1.0
11 38 0.98
88 42 0.97
0 77 0.99
47 2 0.78
10 84 0.81
18 84 0.79
16 81 0.75
99 22 0.83
62 1 0.76
95 10 1.0
33 97 0.83
86 74 0.83
42 0 0.94
0 43 0.91
75 19 0.88
100 5 0.91
28 93 0.81
20 71 0.89
71 61 0.81
46 99 0.88
89 80 0.89
80 25 0.92
75 72 0.78
86 12 0.95
9 0 0.9
45 97 0.86
10 85 0.95
48 98 0.94
22 24 0.95
91 41 0.97
60 3 0.76
73 75 0.96
7 19 0.79
20 11 0.93
56 20 0.9
83 55 0.78
65 57 0.84
19 96 0.79
25 45 0.76
49 23 0.88
7 8 0.95
30 26 0.95
36 21 0.82
6 55 0.75
24 52 0.76
91 0 1.0
71 46 0.86
72 100 0.99
81 18 0.83
39 71 0.76
68 74 0.76
9 46 0.92
44 53 0.78
18 12 0.81
77 52 0.9
49 9 0.92
27 4 0.94
74 14 0.77
0 94 0.94
4 97 0.98
64 53 0.92
56 47 0.99
15 42 0.99
71 96 0.98
68 58 0.81
93 3 0.76
92 88 1.0
22 23 0.86
90 89 0.8
1 85 0.76
56 73 0.9
89 54 0.87
92 14 0.96
100 63 0.88
75 24 0.92
16 87 0.77
77 96 0.8
40 87 0.93
84 19 0.84
49 25 0.79
38 87 0.76
46 81 0.88
34 63 0.78
79 59 0.83
16 2 0.88
91 4 0.86
79 25 0.99
100 34 0.85
97 82 0.97
22 19 0.88
13 82 0.87
51 42 0.82
52 6 0.89
37 46 0.77
60 65 0.85
71 62 0.94
88 8 0.85
13 18 0.78
11 5 0.89
50 22 0.97
68 19 0.9
37 98 0.86
42 98 0.76
63 24 0.91
56 44 0.99
88 18 0.83
71 31 1.0
18 44 0.98
65 75 1.0
57 86 0.94
5 47 0.98
86 81 0.88
57 91 0.76
51 24 0.86
98 10 0.78
1 11 0.86
39 52 0.98
5 88 0.97
23 54 0.76
23 80 0.98
23 25 0.79
54 17 0.83
91 30 0.75
58 51 0.84
19 28 0.78
45 27 0.85
80 27 0.75
74 97 0.87
80 13 0.79
44 34 0.95
57 47 0.76
46 73 0.94
60 56 0.99
1 94 0.94
11 57 0.9
35 0 0.86
15 6 0.98
57 34 0.9
49 35 0.93
51 3 0.76
17 81 0.83
74 98 0.96
41 3 0.97
16 39 0.97
68 82 0.84
98 8 0.85
12 2 0.89
24 97 0.92
80 77 0.78
77 82 0.88
5 87 0.8
95 27 0.87
9 70 0.8
11 42 1.0
11 98 0.76
62 19 0.83
28 61 1.0
17 89 0.92
74 94 0.97
