200 400 20 10
29 64
72 27
25 97
3 8
50 1
69 20
54 84
27 73
46 8
63 21
65 38
5 56
52 89
68 1
74 9
5 32
66 34
49 50
69 59
36 98
65 42
91 61
51 95
68 72
46 52
3 51
36 63
78 73
21 70
75 42
59 48
9 61
57 91
12 39
13 26
32 55
34 36
22 23
46 25
86 97
7 31
38 32
95 19
20 56
36 57
57 1
80 3
48 5
14 3
22 11
70 38
45 15
68 73
6 87
85 58
25 65
16 51
98 49
2 71
81 64
91 35
79 42
29 100
54 81
82 57
32 19
17 14
89 8
22 18
51 32
57 83
9 17
51 1
78 94
67 14
1 88
13 61
98 94
82 0
15 51
36 13
61 53
75 76
98 32
50 63
15 73
34 57
38 20
63 92
29 36
42 40
80 68
4 40
33 61
30 3
51 6
89 50
2 21
20 65
31 30
37 22
78 8
92 10
54 91
52 21
11 92
36 94
44 59
97 60
4 3
96 49
74 55
85 14
20 33
13 65
21 45
56 61
61 84
9 75
72 25
10 77
45 39
89 77
60 21
73 37
76 36
67 74
37 36
45 32
79 11
49 27
2 70
99 25
5 73
55 27
12 52
97 30
62 73
9 10
57 24
85 30
18 73
7 91
76 85
92 47
24 26
14 65
50 72
46 30
60 40
95 36
70 97
58 73
53 44
32 56
8 49
62 72
4 35
93 97
35 49
72 88
39 94
99 88
73 75
35 77
58 89
89 76
20 54
83 52
30 99
7 87
55 52
64 9
51 83
88 87
46 75
73 49
98 35
88 97
26 62
91 9
1 84
53 78
6 96
75 22
38 1
74 78
68 63
6 66
82 18
47 48
98 93
98 63
36 21
98 33
44 39
96 7
78 54
63 86
61 52
51 7 0.98
11 28 0.76
67 42 0.85
35 10 0.91
80 85 0.77
58 97 1.0
17 78 0.75
44 49 0.8
33 62 0.77
32 75 0.98
58 57 0.81
26 46 0.9
51 31 0.78
61 55 0.88
1 64 0.97
80 88 0.87
15 70 0.79
83 14 0.79
42 32 0.92
76 83 0.92
20 23 0.85
52 92 0.8
32 16 0.93
72 1 0.97
10 78 0.75
59 22 0.83
13 10 0.81
2 14 0.86
82 41 0.88
15 31 0.99
86 41 0.93
45 43 0.97
40 53 0.99
22 34 0.86
1 52 0.87
89 90 0.79
16 47 0.81
91 22 0.97
60 94 0.78
10 69 0.9
21 99 0.95
98 77 0.83
14 85 0.93
64 64 0.8
30 40 0.92
40 64 0.94
29 27 0.8
4 61 0.96
71 85 0.9
2 90 0.97
35 8 0.83
48 64 0.94
83 26 0.78
3 83 0.84
1 96 0.92
93 43 0.97
58 74 0.95
52 14 0.96
31 77 0.77
25 35 1.0
53 19 0.89
16 91 0.77
83 29 0.96
29 93 0.93
12 81 0.92
2 64 0.94
40 81 0.77
43 66 0.96
34 93 0.91
45 37 0.77
88 4 0.91
30 34 0.9
74 61 0.79
41 52 0.87
70 26 0.93
86 75 0.78
88 3 0.97
66 26 0.76
19 23 0.86
13 99 0.84
44 88 0.94
20 44 0.94
30 54 0.77
51 23 0.82
17 35 0.95
72 83 1.0
46 98 0.85
34 55 0.85
44 17 0.88
31 96 0.91
3 9 0.78
27 39 0.9
54 51 0.85
63 37 0.91
47 64 0.93
49 39 0.93
52 82 0.76
5 9 0.92
0 22 0.92
23 47 0.75
93 13 0.83
77 4 0.93
25 61 0.76
75 81 0.95
47 40 0.87
5 31 0.93
1 28 0.78
2 48 0.79
37 25 0.92
71 52 0.77
97 16 0.93
98 41 0.95
19 66 0.91
22 95 0.84
19 74 0.76
14 48 0.88
10 81 0.93
51 17 0.77
35 26 0.86
46 55 0.9
22 68 0.96
28 34 0.84
32 41 0.79
68 99 0.97
50 7 0.78
81 58 0.9
0 30 0.98
27 24 1.0
82 16 0.79
92 56 0.93
54 19 0.86
5 44 0.95
98 34 0.79
6 52 0.9
96 31 0.78
35 97 0.89
78 14 0.79
59 6 0.78
32 37 0.81
52 43 0.98
67 72 0.92
47 28 0.84
10 70 0.89
31 42 0.9
23 70 0.82
56 23 0.98
35 57 0.84
29 92 0.83
76 75 0.94
2 26 0.79
0 51 0.85
32 73 0.78
93 38 0.81
58 59 0.76
36 20 0.8
39 40 0.87
24 60 0.79
70 41 0.86
69 37 0.84
38 43 0.84
61 2 0.86
49 0 0.93
70 87 0.79
30 89 0.92
25 77 0.94
65 12 0.85
44 38 0.98
42 100 0.87
38 7 0.96
88 98 0.93
5 94 0.75
21 2 0.76
28 85 0.97
91 52 0.94
1 15 0.86
30 44 0.82
95 13 0.82
89 16 0.91
97 24 0.97
35 62 0.95
21 75 0.89
27 2 0.89
14 2 0.89
43 0 0.87
77 81 0.91
36 43 0.78
36 6 0.78
0 76 0.88
62 76 0.99
100 37 0.98
42 14 0.83
26 34 0.97
90 8 0.97
89 70 0.87
74 77 0.88
10 49 0.89
1 78 0.86
23 24 0.98
96 93 0.77
42 96 0.77
17 64 0.8
5 55 0.96
1 58 0.81
67 89 0.94
55 54 0.84
17 83 0.97
59 41 0.86
83 79 0.76
7 52 0.99
84 82 0.88
9 32 0.96
67 15 0.83
18 74 0.84
52 78 0.75
88 82 0.86
34 40 1.0
15 89 0.85
72 69 0.78
9 77 0.97
49 13 1.0
73 28 0.91
5 65 0.93
68 49 0.8
95 37 0.85
74 89 0.78
54 22 0.8
33 22 0.94
32 28 0.94
29 79 0.99
72 13 0.87
76 79 0.94
53 61 0.95
57 70 0.83
97 44 0.9
54 54 0.93
35 80 0.97
29 86 0.82
61 64 0.85
51 61 0.94
70 31 0.94
35 90 0.99
30 73 0.98
14 83 0.98
31 72 0.84
8 92 0.87
64 95 0.94
42 22 0.98
21 37 0.84
33 60 0.96
67 73 0.89
43 68 0.82
64 11 0.75
43 43 0.89
78 21 0.79
51 81 0.88
32 25 0.79
40 75 0.75
46 71 0.94
0 77 0.9
65 86 0.83
13 11 0.94
48 19 0.82
79 24 0.76
10 0 0.99
6 81 1.0
12 48 0.98
11 45 0.93
85 61 0.94
72 54 0.83
18 81 0.93
0 5 0.99
96 40 0.78
7 60 0.91
64 94 0.83
14 11 0.88
96 27 0.98
55 84 0.85
82 26 0.97
38 75 0.85
14 7 0.88
96 86 0.84
51 39 0.95
100 59 0.92
70 16 0.81
57 96 0.91
9 82 0.88
47 86 0.9
10 33 0.85
84 32 0.88
26 84 0.81
33 11 0.75
40 38 0.96
49 71 0.99
29 70 0.86
59 26 0.84
4 62 0.84
76 84 0.79
39 37 0.92
1 92 0.91
35 84 0.83
26 38 0.9
55 68 0.77
75 98 0.9
20 35 1.0
16 57 0.85
75 1 0.92
11 64 0.86
41 13 0.77
72 72 0.91
50 64 0.92
29 57 0.88
95 83 0.77
28 65 0.82
62 0 0.92
46 16 0.93
69 43 1.0
3 43 0.9
93 85 0.79
90 4 0.86
28 30 0.83
84 6 0.87
8 77 1.0
92 30 0.76
78 46 0.9
70 60 0.89
14 71 0.77
99 38 0.87
55 6 0.88
61 58 0.79
79 58 1.0
63 41 0.9
11 13 0.91
60 45 0.96
47 21 0.8
41 98 0.75
23 93 0.82
29 4 0.87
1 41 0.83
10 19 0.95
50 13 0.81
57 15 0.94
75 93 0.78
73 25 0.86
50 11 0.94
91 33 0.86
35 98 0.75
58 92 0.81
5 2 0.89
31 75 0.78
57 49 1.0
99 47 0.88
62 19 0.99
82 5 0.92
7 85 0.93
45 65 0.8
81 38 0.92
75 38 0.83
93 79 0.89
85 83 0.75
99 100 0.94
1 1 0.9
70 92 0.84
60 98 0.94
63 16 0.83
63 34 0.9
58 87 0.8
78 97 0.77
18 17 0.96
72 80 1.0
53 86 0.93
61 90 0.87
47 15 0.79
35 69 0.76
24 79 0.84
96 32 0.8
65 8 0.78
39 91 0.88
55 95 0.81
94 30 0.8
99 14 0.77
19 24 0.89
46 77 0.76
1 44 0.75
98 96 0.8
90 53 0.83
30 9 0.97
35 100 0.91
13 76 0.89
4 41 0.76
52 40 0.99
91 27 0.96
11 100 0.85
50 38 0.75
30 93 0.8
27 20 0.89
35 79 0.83
34 45 0.82
79 67 0.81
53 16 0.75
19 97 0.92
