200 400 100 10
21 74
3 13
2 28
2 11
63 83
100 69
80 8
96 67
32 100
74 63
80 29
84 79
68 77
73 17
82 52
95 24
13 79
66 67
60 60
14 70
51 79
36 8
29 6
59 12
82 14
47 5
74 3
18 17
92 36
68 2
63 27
57 11
0 22
83 37
31 11
43 33
68 97
66 7
75 71
30 99
23 83
94 79
19 45
98 6
6 1
12 67
5 74
16 98
60 8
80 81
42 77
21 20
73 8
12 10
23 28
96 37
92 53
90 1
23 54
56 61
57 33
7 93
95 5
20 69
48 34
61 28
33 19
94 43
17 89
73 96
92 94
79 2
59 57
21 53
2 87
30 50
79 46
49 35
52 13
57 77
73 11
96 26
65 95
14 78
17 60
38 61
44 93
18 88
62 78
59 73
44 98
52 27
29 69
19 38
67 1
0 0
2 54
89 26
63 44
33 4
75 19
32 98
73 26
37 42
92 34
29 54
51 28
49 59
47 40
19 0
70 89
10 34
5 44
62 48
25 79
20 24
1 9
96 7
15 44
19 52
53 88
57 76
41 44
40 88
24 22
26 67
49 25
68 94
45 79
34 56
57 44
55 46
16 44
52 53
33 41
77 99
41 32
60 17
93 58
82 26
55 52
63 66
50 16
54 22
89 74
77 97
0 50
53 2
7 61
68 75
52 88
31 19
31 48
25 100
99 22
34 52
62 39
98 58
84 21
3 87
54 19
44 47
53 17
86 58
57 26
38 43
70 15
99 31
99 18
41 29
65 24
73 91
61 49
15 25
62 76
83 1
13 41
94 10
56 45
1 25
85 59
23 66
74 29
26 45
24 96
57 19
6 79
45 36
39 27
94 18
20 91
3 81
84 86
54 43
11 23
78 91
11 65
88 66
41 73
98 48
87 73 0.76
85 25 0.82
3 33 0.78
59 53 0.95
98 47 0.93
26 44 0.97
69 8 0.99
0 34 0.96
69 55 0.89
79 45 0.91
56 42 1.0
24 76 0.77
22 70 0.92
79 47 0.98
94 74 0.85
92 50 0.76
33 30 0.86
93 100 0.86
47 58 0.97
58 55 0.81
30 59 0.88
98 86 0.85
27 1 0.87
51 8 0.99
97 46 0.9
34 9 0.91
91 11 0.92
40 91 0.89
15 74 0.78
71 5 0.78
48 76 0.94
79 49 0.77
22 41 0.89
7 65 0.93
42 32 0.86
21 41 0.94
57 5 0.9
92 30 1.0
72 75 0.9
13 84 0.93
98 34 0.99
3 39 0.82
86 41 0.82
27 51 0.95
41 8 0.91
16 23 0.96
10 89 0.99
70 20 0.88
81 2 0.9
21 72 0.75
56 21 0.76
53 57 0.86
24 60 0.76
66 46 0.79
32 28 0.84
47 84 0.79
72 40 0.93
20 19 0.75
88 12 0.88
95 73 0.99
15 36 0.76
72 100 0.76
77 4 0.94
8 28 0.96
33 94 0.78
12 78 0.92
54 16 0.75
86 5 0.83
58 31 0.88
100 66 0.99
26 57 0.89
100 48 0.91
61 27 0.82
47 45 0.96
9 25 0.93
57 31 0.81
77 51 0.98
17 81 0.87
70 42 0.85
33 95 0.89
60 85 0.98
26 43 0.85
65 88 0.93
9 26 0.85
2 18 0.95
20 4 0.83
73 21 0.94
91 40 0.97
37 76 0.88
75 23 0.88
3 53 0.82
55 48 1.0
37 53 0.84
73 34 0.9
93 17 0.81
82 61 0.94
65 21 0.85
28 71 0.98
60 2 0.77
77 85 0.83
50 24 0.88
29 20 0.87
35 99 0.78
37 48 0.95
40 46 0.87
70 92 0.75
27 92 1.0
40 14 0.94
1 78 0.89
33 5 0.94
37 3 0.99
13 60 0.97
5 34 1.0
0 30 0.87
9 43 0.83
75 4 0.98
26 79 0.82
48 35 0.99
74 70 0.99
53 59 0.97
4 44 0.84
66 62 0.98
30 87 0.95
47 83 0.87
26 83 0.77
63 72 0.99
92 99 0.98
76 11 0.97
13 33 0.89
16 62 0.91
46 18 0.82
2 17 0.98
82 83 0.97
80 61 0.97
57 28 0.78
23 38 0.94
2 32 0.79
72 62 0.81
21 92 0.95
93 43 0.9
88 31 0.96
91 15 0.81
74 74 0.79
32 99 0.83
37 56 0.98
96 34 0.97
48 17 0.98
74 100 0.97
18 63 0.87
94 50 0.86
29 88 0.76
78 12 0.98
64 71 0.99
93 91 0.89
31 46 0.85
28 82 0.83
38 100 0.83
72 17 0.97
12 14 0.9
84 24 0.99
19 43 0.8
94 81 0.78
58 99 0.94
10 25 0.88
49 87 0.83
94 23 0.75
72 38 0.85
16 51 0.83
11 78 0.98
78 66 0.9
83 96 0.89
20 2 0.94
2 56 0.87
35 16 0.91
25 2 1.0
12 31 0.79
95 30 0.76
98 50 0.93
97 45 0.75
57 48 0.78
95 21 0.9
42 99 0.79
20 36 0.78
14 25 0.78
9 31 0.8
53 81 0.9
36 79 0.88
73 77 0.93
38 96 0.97
67 88 0.77
40 56 0.99
62 29 0.82
11 35 0.76
18 8 0.94
69 23 0.91
1 100 0.89
6 48 0.95
68 99 0.91
83 71 0.81
19 26 0.87
99 81 0.99
23 70 0.78
47 44 0.85
34 29 0.95
40 57 0.98
44 20 0.91
32 92 0.98
1 74 0.85
35 85 1.0
34 19 0.86
63 45 0.94
62 53 0.8
50 54 0.99
12 72 0.99
43 71 0.79
78 67 0.88
91 76 0.87
5 48 0.97
30 46 0.85
24 10 0.79
12 46 0.92
74 54 0.76
79 66 0.98
23 69 0.94
93 88 0.92
18 81 0.81
50 67 0.94
86 31 0.84
37 32 0.91
53 22 0.94
42 18 1.0
93 50 0.82
6 85 0.84
72 74 0.99
15 85 0.8
31 12 0.88
44 12 0.85
83 8 0.87
92 98 0.85
99 88 0.76
43 21 0.94
34 64 0.84
54 49 0.75
60 96 0.82
5 17 0.8
38 57 0.93
1 45 0.91
4 92 0.96
69 74 0.9
83 15 0.86
38 95 0.97
36 30 0.8
94 98 0.86
16 79 0.76
30 98 0.9
3 67 0.84
2 13 0.9
62 69 0.83
82 11 0.98
25 21 0.85
93 98 0.87
70 54 0.8
17 40 0.76
13 9 0.81
49 92 0.99
18 24 0.99
62 12 0.89
72 86 0.76
0 24 0.95
80 36 0.96
12 1 0.92
36 90 0.9
64 87 0.83
91 89 0.97
93 81 0.99
48 83 0.76
53 20 0.76
71 88 0.93
35 88 0.89
40 5 1.0
39 8 0.99
11 95 0.92
77 23 0.9
68 52 0.88
63 80 0.87
77 42 0.79
48 55 0.77
47 17 0.8
99 14 0.94
91 74 0.85
69 30 0.97
24 32 0.85
59 92 0.98
34 45 0.88
90 39 0.93
96 16 0.87
78 28 0.85
87 19 0.98
85 96 0.79
47 19 0.8
61 33 0.78
13 3 0.77
45 56 0.83
52 4 0.82
5 85 0.94
10 85 0.9
54 66 0.87
84 71 0.82
5 66 0.98
13 49 0.98
36 45 1.0
98 14 0.83
14 33 0.94
31 47 0.93
67 72 0.75
23 6 0.97
89 77 0.86
23 50 0.93
28 60 0.76
100 78 0.93
41 61 0.86
69 58 0.96
70 66 0.99
4 11 0.79
97 72 0.98
8 8 0.94
78 33 0.91
74 30 0.91
6 45 0.99
81 63 0.93
26 74 0.97
15 3 0.87
4 72 1.0
46 26 1.0
21 59 0.76
18 68 0.81
41 91 0.98
42 69 0.84
14 42 0.94
22 57 0.95
60 93 1.0
25 4 0.9
63 88 0.89
70 78 1.0
61 58 0.87
35 22 0.8
81 37 0.89
78 39 0.87
6 59 0.9
1 2 0.78
25 1 0.77
55 21 0.98
96 84 0.95
64 65 0.81
39 12 0.81
87 36 0.9
68 37 0.91
68 1 0.76
72 56 0.78
12 99 0.98
66 72 1.0
9 18 0.76
78 22 0.93
66 86 0.99
34 3 0.93
20 83 0.87
73 20 0.98
95 60 0.76
59 64 0.78
43 20 0.89
66 37 0.93
69 89 0.97
27 36 0.92
94 37 0.97
64 57 0.75
52 61 0.95
52 28 0.96
58 78 0.98
98 8 0.79
49 13 0.93
86 12 0.97
22 76 0.82
82 43 0.99
63 14 0.79
58 38 1.0
90 35 0.75
26 5 0.86
30 31 0.99
50 51 0.91
51 38 0.81
20 71 0.89
68 29 0.75
64 45 0.97
33 27 0.79
80 69 0.92
27 85 0.98
7 5 0.93
13 31 0.93
62 46 0.83
78 76 0.86
