200 400 50 10
49 58
66 58
51 1
38 65
1 42
78 24
54 7
56 71
15 42
18 8
19 37
45 90
2 66
99 89
86 49
22 78
63 23
28 48
12 18
62 88
3 24
21 70
32 79
98 41
28 66
15 31
18 5
31 3
57 2
71 20
7 80
89 57
43 41
96 0
87 95
50 53
97 53
55 47
21 11
94 42
14 43
100 2
94 39
88 17
24 90
37 43
76 54
19 94
17 78
84 56
5 25
2 50
95 50
55 56
35 72
40 47
24 15
59 60
76 20
10 13
68 71
14 31
27 79
0 47
36 40
32 39
51 32
57 33
71 47
72 68
80 48
30 29
57 45
35 47
49 89
82 92
100 99
25 36
95 88
44 2
31 7
30 83
69 53
91 6
19 8
99 68
11 25
17 12
51 14
21 42
31 45
59 65
52 55
52 63
15 2
93 88
68 62
79 27
37 78
98 54
30 11
24 24
13 50
7 23
37 38
23 38
75 51
5 23
68 41
8 71
95 7
13 90
97 94
42 85
100 52
13 14
10 79
4 80
46 1
67 33
49 56
25 18
53 58
89 16
58 18
39 57
22 83
82 89
50 50
93 3
33 46
41 50
87 14
88 70
14 61
48 90
34 79
75 58
66 45
37 82
65 75
61 45
33 30
86 89
93 71
97 78
31 56
10 23
44 47
58 42
97 0
12 11
67 72
13 22
80 37
84 17
62 11
77 67
8 51
15 57
48 1
27 78
7 16
45 70
0 87
90 80
8 99
30 21
0 5
8 44
99 75
49 84
99 27
29 13
94 86
76 50
3 30
85 14
81 83
76 26
40 72
44 62
92 57
5 84
13 19
57 9
47 6
25 55
96 11
90 30
84 73
76 33
89 30
35 50
93 31
56 99
59 84
9 39
92 18
3 49
17 74 0.75
61 74 0.94
19 63 0.88
20 82 0.75
7 3 0.9
0 65 0.8
73 65 0.99
43 84 0.81
36 80 0.96
32 64 0.96
18 78 0.99
3 70 0.99
75 18 0.97
82 59 0.93
89 72 0.83
84 5 0.79
52 76 0.83
64 13 0.92
72 92 0.82
54 40 0.89
76 28 0.93
13 58 0.86
27 37 0.79
45 43 0.99
4 55 0.93
20 58 0.75
83 21 0.84
25 74 0.75
62 53 0.87
99 50 0.79
74 51 0.77
89 66 0.94
80 78 0.88
76 43 0.99
2 1 1.0
17 5 0.83
63 95 0.94
21 65 0.86
41 32 0.9
44 81 0.76
53 11 0.97
24 30 0.76
19 0 0.79
76 18 0.83
96 38 0.99
72 33 0.97
23 82 0.87
65 14 0.96
73 95 0.93
93 18 0.85
92 73 1.0
15 59 0.89
17 36 0.95
73 67 0.89
94 25 0.84
100 23 0.76
39 73 0.98
6 73 0.81
25 12 0.97
61 79 0.86
4 94 0.78
54 24 0.94
66 22 0.92
31 1 0.99
17 37 0.79
43 71 0.88
53 12 0.9
81 100 0.8
16 83 0.98
88 55 0.79
92 39 0.77
58 93 0.96
15 8 0.9
99 53 1.0
32 16 0.8
24 46 0.75
65 12 0.8
63 45 0.96
25 63 0.89
35 12 0.99
42 28 0.95
91 88 0.92
10 60 0.9
61 48 0.81
93 42 0.77
0 19 0.76
49 74 0.82
78 79 0.85
72 7 0.82
98 68 0.93
27 58 0.92
25 16 0.78
12 0 0.95
40 64 0.79
5 60 0.88
66 51 0.75
22 6 0.99
83 70 0.79
38 93 0.98
97 82 0.95
53 72 0.82
32 70 0.83
27 68 0.77
70 70 0.87
90 89 0.97
68 80 0.9
98 83 0.98
36 9 0.9
56 9 0.94
89 8 0.99
8 55 0.94
56 85 0.76
38 60 0.99
44 7 0.81
46 40 0.77
14 96 0.88
35 36 0.98
98 97 0.97
69 98 0.77
36 99 0.99
41 92 0.8
19 57 0.81
30 18 0.99
10 7 0.84
49 53 0.84
86 99 0.9
63 74 0.88
85 39 0.79
67 60 0.97
80 25 0.78
62 45 0.91
40 62 0.79
0 32 0.8
51 7 0.81
22 96 0.85
85 24 0.79
38 19 0.88
17 55 0.87
78 11 0.85
18 18 0.84
31 50 0.98
75 39 0.81
30 47 0.85
13 5 0.89
83 85 0.99
35 23 0.8
51 59 0.83
23 47 0.88
83 90 0.79
74 57 0.99
65 43 0.81
61 53 0.88
51 65 0.93
79 74 0.76
38 66 0.96
70 21 0.79
17 33 0.95
16 42 0.86
63 28 0.92
4 58 0.82
42 31 0.85
20 54 0.89
89 83 0.83
11 12 0.82
69 79 0.8
100 86 0.96
46 100 0.79
75 10 0.93
1 90 0.8
45 16 0.93
3 92 0.89
59 67 0.98
65 4 0.78
25 42 0.94
7 89 0.76
98 11 0.8
94 64 0.88
72 73 0.93
73 84 0.97
93 6 0.89
53 46 0.95
24 70 0.81
21 40 0.84
44 22 0.8
99 0 0.78
82 80 0.84
28 79 0.93
80 38 0.86
55 10 0.77
11 46 0.87
53 91 0.9
72 9 0.91
26 68 0.79
79 96 0.77
6 37 0.86
97 83 0.94
54 45 0.76
65 44 0.97
35 99 1.0
70 71 0.78
77 17 1.0
8 47 0.79
70 24 0.82
58 56 0.84
61 31 0.94
62 37 0.93
35 9 0.85
67 30 0.93
92 8 0.9
83 63 0.82
49 65 0.87
3 63 0.96
23 9 0.93
74 23 0.96
50 26 0.81
99 15 0.79
52 93 0.93
81 50 0.92
78 83 0.91
91 25 0.85
2 61 0.9
54 74 0.81
16 90 0.87
85 52 0.82
100 95 0.82
31 40 0.89
98 9 0.8
0 23 0.86
76 58 0.78
0 73 0.8
8 4 0.94
84 41 0.89
36 44 0.81
9 19 1.0
95 89 0.94
74 64 0.77
47 99 0.83
63 12 0.8
59 39 0.95
20 61 0.83
67 78 0.97
96 83 0.92
33 5 0.81
12 69 0.92
61 64 0.87
55 30 0.77
85 37 0.83
80 71 0.95
89 88 0.97
20 49 0.87
48 83 0.9
2 98 0.88
59 24 0.93
90 1 0.87
23 51 0.86
46 14 0.88
10 94 0.98
13 78 0.81
17 16 0.89
88 75 0.93
36 13 0.86
93 80 0.79
42 94 0.81
45 3 0.8
37 89 0.83
35 96 0.85
84 54 0.81
91 42 0.84
25 81 0.76
92 15 0.84
80 10 0.83
97 73 0.82
51 6 0.97
34 9 0.96
70 54 0.83
66 2 0.97
19 3 0.9
13 36 0.96
82 62 0.95
63 43 0.9
3 4 0.95
55 29 0.87
72 96 0.94
49 24 0.76
71 51 0.92
4 41 0.87
51 95 0.89
67 56 0.94
22 3 0.95
46 43 0.86
28 30 0.96
75 28 0.75
96 17 0.89
27 10 0.92
55 95 0.81
91 82 0.94
1 93 0.87
27 62 1.0
39 98 0.79
35 46 0.83
50 70 0.77
64 67 0.77
37 55 0.88
7 50 0.9
63 73 0.87
75 1 0.83
29 76 0.88
84 69 1.0
86 40 0.98
6 85 0.88
37 2 0.84
97 50 0.98
89 92 0.98
74 77 0.91
50 42 0.94
45 84 0.77
9 71 0.95
91 59 0.96
29 86 0.96
82 79 0.79
13 11 0.86
42 23 0.99
89 54 0.9
48 91 0.96
70 52 0.89
77 100 0.78
53 71 0.78
77 12 0.89
66 52 0.92
42 75 0.96
73 85 0.76
98 13 1.0
47 67 0.88
23 4 0.92
61 96 1.0
73 64 0.78
76 44 0.89
27 8 0.75
70 48 0.87
41 60 0.89
87 70 0.98
87 62 1.0
42 91 0.97
33 19 0.83
16 99 0.95
43 37 0.78
88 16 0.89
45 17 0.79
37 29 0.88
89 27 0.89
13 83 0.81
75 15 0.8
63 71 0.81
9 53 0.82
29 71 1.0
41 4 0.88
73 28 0.79
11 60 0.91
61 10 0.91
49 15 0.81
90 18 0.86
3 76 0.77
53 30 0.9
100 38 0.88
21 7 0.88
73 91 0.93
55 68 0.8
94 20 0.82
20 86 0.86
19 7 0.82
80 26 0.75
7 53 0.76
20 20 0.93
25 26 1.0
85 68 0.93
95 8 0.76
8 89 0.81
0 59 0.86
40 32 0.98
45 61 0.78
69 77 0.77
51 13 0.85
4 91 0.88
80 47 0.83
50 16 0.94
45 9 0.96
35 22 0.97
44 29 0.76
83 62 0.96
71 64 0.97
68 44 0.91
77 36 0.78
13 52 0.86
53 5 0.97
33 28 0.93
16 59 0.97
42 22 0.84
48 45 0.84
4 60 0.78
70 90 0.75
