200 400 100 10
35 99
70 81
34 36
47 77
48 99
40 55
31 92
40 90
7 67
65 66
42 61
31 55
35 23
62 74
86 8
66 81
63 96
39 96
74 57
82 87
82 21
22 91
71 33
95 25
96 45
57 87
55 67
84 27
45 69
21 38
64 66
49 22
15 84
99 62
45 59
30 46
86 61
28 35
64 8
68 49
86 17
60 49
31 86
31 16
16 58
77 53
18 60
80 52
77 9
0 43
22 8
11 71
93 100
9 21
1 99
1 88
21 87
61 72
19 81
58 98
69 12
37 53
94 66
95 73
95 79
79 25
41 19
18 45
51 19
26 74
45 81
67 93
36 5
85 34
97 72
95 90
27 35
23 17
29 57
97 92
39 47
63 41
66 94
47 8
66 93
6 68
70 21
57 66
16 82
22 63
33 8
82 53
70 47
80 60
12 52
85 29
62 9
27 15
43 78
92 32
62 80
30 98
45 48
81 76
22 72
16 75
84 15
92 20
15 33
47 40
17 56
89 33
5 92
38 21
89 77
10 61
17 81
28 28
66 10
15 13
70 80
32 54
96 20
36 90
67 30
2 13
50 86
40 52
14 61
81 66
50 20
21 80
66 28
26 94
78 8
28 3
54 1
27 54
6 97
28 2
83 51
21 56
55 5
46 28
15 10
75 71
60 44
8 89
100 58
49 57
76 8
82 8
12 36
91 0
59 63
49 49
52 19
35 97
38 69
19 30
11 3
47 64
74 25
47 1
46 67
39 71
3 29
93 94
30 20
48 50
55 93
59 83
58 90
70 32
40 11
68 63
81 57
30 13
93 31
5 54
48 86
60 78
4 25
45 82
53 32
66 83
41 50
15 32
24 46
1 0
80 27
70 2
45 52
19 95
69 35
27 5
56 67
1 79
57 10
34 17
1 32 0.85
75 16 0.91
46 87 0.78
20 33 0.9
83 97 0.84
81 6 0.77
92 26 0.82
24 7 0.83
96 76 0.97
91 15 0.91
87 69 0.95
8 28 0.94
47 56 0.88
74 85 0.76
25 52 0.95
82 74 0.89
43 94 0.91
76 81 0.76
58 64 0.97
24 49 0.95
54 22 0.84
57 24 0.9
60 72 0.96
58 82 0.92
96 22 0.94
26 35 0.96
87 98 0.94
96 24 0.83
13 67 0.88
67 12 0.96
6 16 1.0
19 39 0.77
46 41 0.95
28 44 0.84
24 76 0.9
36 79 0.78
73 60 0.76
4 18 0.8
89 63 0.98
62 18 0.94
46 82 0.9
96 27 0.9
66 40 0.77
21 97 0.8
41 68 0.93
55 68 0.88
12 82 0.89
43 25 0.88
82 94 0.84
21 41 0.96
96 25 0.81
8 50 0.76
13 86 0.97
78 86 0.97
15 67 0.94
86 68 0.85
93 42 0.8
24 50 0.88
10 22 0.93
70 38 0.77
25 93 0.96
77 78 0.82
29 81 0.8
31 57 0.85
7 54 0.98
76 57 0.83
92 74 0.83
18 0 0.9
7 87 0.97
27 50 0.79
67 14 0.96
45 15 0.85
67 73 0.97
78 87 0.84
43 93 0.78
40 82 0.97
0 21 0.76
70 91 0.92
59 8 0.85
26 84 0.8
43 81 0.8
60 89 0.83
100 91 0.81
43 87 0.81
20 80 0.79
77 40 0.84
68 61 0.95
13 78 0.94
49 84 0.9
39 97 0.75
54 46 0.97
87 46 0.92
98 94 0.89
65 19 0.88
57 22 0.79
48 45 0.79
29 41 1.0
47 57 0.87
61 5 0.9
94 75 0.88
74 99 0.99
4 39 0.87
5 91 0.96
83 56 0.88
67 8 0.97
43 59 0.93
40 1 0.97
16 85 0.91
55 69 0.88
41 48 0.83
9 63 0.99
99 30 0.81
37 3 0.95
91 60 1.0
33 27 0.77
74 44 0.85
2 50 0.83
92 85 0.96
66 53 0.85
33 47 0.97
21 76 0.88
72 82 0.78
80 16 0.81
28 98 0.97
28 26 0.93
94 43 0.9
10 75 0.86
70 74 0.96
33 35 0.97
94 55 0.89
39 28 0.79
68 5 0.97
12 100 0.77
2 91 0.91
96 69 0.9
89 59 0.92
93 24 0.75
85 4 0.76
30 90 0.82
5 46 0.96
44 25 0.76
2 30 0.92
20 22 0.99
92 64 0.75
22 15 1.0
40 83 0.82
7 75 0.96
34 22 0.91
77 52 0.82
6 74 0.86
52 11 0.97
9 27 0.94
43 1 0.96
59 66 0.87
75 9 0.81
63 71 0.81
8 14 0.96
5 62 0.9
20 83 0.79
38 7 0.85
45 34 0.87
40 74 0.84
83 45 0.96
58 40 0.78
53 63 0.92
44 38 0.93
36 81 0.84
18 86 0.76
57 16 0.91
82 88 0.77
35 2 0.99
30 56 0.81
30 45 0.89
93 25 0.92
88 97 0.99
43 13 0.86
65 96 0.77
89 17 0.9
14 97 0.99
34 58 0.78
67 11 0.93
31 41 0.98
40 27 0.96
3 9 0.77
88 10 0.83
26 72 0.95
88 40 0.95
47 63 0.96
79 66 0.84
53 39 0.78
88 12 0.84
88 2 0.79
56 4 1.0
50 47 0.85
99 55 0.78
53 31 0.77
42 10 0.99
74 41 0.97
67 63 0.89
29 84 0.96
56 56 0.89
23 70 0.97
83 78 0.84
87 5 0.86
43 63 0.93
90 100 0.85
44 66 1.0
64 23 0.91
36 83 0.94
57 99 0.8
66 79 0.79
58 80 0.84
13 27 0.92
16 45 1.0
18 36 0.92
17 53 0.75
34 68 0.79
1 78 0.82
48 34 1.0
62 36 0.76
33 10 0.83
87 32 0.99
8 13 0.78
90 81 0.85
17 47 0.99
93 5 0.79
22 75 0.84
25 58 0.89
20 74 0.87
60 7 0.75
80 56 0.8
68 33 0.99
97 88 0.81
17 10 0.82
96 31 0.86
81 9 0.84
48 49 0.84
25 42 0.94
78 95 0.86
55 24 0.97
4 66 0.92
77 72 0.8
24 74 0.8
87 72 0.88
100 65 0.82
86 96 0.98
55 75 0.85
13 62 0.8
3 95 0.81
64 71 0.81
81 30 0.83
9 42 0.76
59 7 0.8
95 88 0.97
9 86 0.8
96 96 0.92
90 19 0.75
62 1 0.84
0 83 0.93
49 100 0.95
8 6 0.83
63 95 0.85
65 43 0.89
21 1 0.98
58 83 0.95
40 19 0.91
36 25 0.78
28 27 1.0
11 37 0.78
90 18 0.76
8 91 0.82
14 89 0.8
77 41 0.8
80 1 0.86
29 85 0.81
39 11 0.77
54 39 0.94
78 2 0.99
41 21 0.87
97 17 0.91
87 96 0.93
100 59 0.84
70 3 0.76
16 57 0.86
85 12 0.86
34 49 0.77
1 5 0.87
24 55 0.85
34 48 0.89
19 32 0.94
72 47 0.9
10 1 0.86
56 27 0.89
88 76 0.92
39 74 0.77
94 44 0.83
97 31 0.9
77 51 0.95
22 25 0.93
20 99 0.87
38 40 0.86
51 63 0.98
38 56 0.93
81 82 0.83
49 69 0.92
3 93 0.99
23 58 0.97
13 90 0.91
23 83 0.96
26 15 0.99
19 5 0.9
37 59 0.97
74 58 0.85
38 10 0.75
15 12 0.99
69 34 0.8
0 3 0.96
77 19 0.78
42 81 0.89
28 51 0.88
15 1 0.77
53 12 0.81
82 62 0.87
7 70 0.78
44 81 0.96
59 25 0.91
88 70 0.83
11 36 0.87
44 65 0.8
71 4 0.89
73 44 0.9
79 42 0.93
25 56 0.84
76 17 0.93
1 70 0.78
44 43 0.91
19 14 1.0
86 79 0.88
94 100 0.97
97 1 0.97
43 47 0.99
83 25 0.81
41 54 0.92
95 98 0.76
50 49 0.95
98 76 0.81
71 38 0.95
38 15 0.87
24 30 0.88
48 36 0.99
57 46 0.76
59 9 0.98
46 90 1.0
93 2 0.75
45 68 0.89
83 48 0.89
74 98 0.9
100 57 0.94
15 71 0.91
28 61 0.75
7 0 0.87
54 44 0.98
61 2 0.88
71 88 0.95
11 63 1.0
76 13 0.8
2 87 0.85
12 49 0.92
72 46 0.77
68 19 0.95
10 31 0.88
58 4 0.87
41 97 0.89
70 6 0.77
78 24 1.0
8 49 0.88
33 20 0.96
62 51 0.93
42 77 0.86
46 81 0.84
4 3 0.77
20 53 0.87
59 27 0.75
44 96 0.85
66 1 0.78
27 37 0.96
70 30 0.76
48 27 0.79
27 16 0.8
57 51 0.89
30 29 0.95
42 21 0.8
38 94 0.95
12 88 0.98
12 9 0.85
78 45 0.92
32 42 0.89
58 48 0.89
98 50 0.88
36 72 0.82
