200 400 50 10
71 52
32 95
39 26
69 79
67 74
18 87
39 77
30 5
1 40
91 90
81 77
26 98
51 64
92 44
76 99
7 18
4 87
98 55
97 30
23 79
26 97
69 29
62 35
99 6
68 62
11 94
25 46
88 68
89 49
46 62
68 41
66 29
50 2
90 24
35 25
42 74
62 56
2 72
59 31
74 41
21 86
73 59
16 10
3 27
67 26
79 32
25 55
66 12
2 80
50 62
91 100
57 81
16 75
44 22
52 51
55 89
29 23
88 46
38 91
69 99
2 43
76 5
69 43
38 76
54 40
1 34
5 89
7 85
25 25
24 21
85 1
81 12
94 68
45 91
47 14
19 19
24 97
8 46
14 73
53 14
33 16
12 86
30 100
18 59
48 29
69 85
2 67
34 96
57 2
41 61
43 2
71 90
47 60
76 52
39 99
98 82
30 80
5 29
5 88
84 33
58 44
45 98
90 52
91 38
66 85
66 43
74 64
6 45
2 13
65 96
48 1
78 88
70 62
16 32
93 26
38 17
16 72
18 12
89 77
56 76
53 33
31 89
57 56
25 48
100 27
94 42
56 19
90 87
97 7
87 25
32 41
14 46
59 35
65 85
67 63
86 98
97 0
47 15
60 16
3 97
94 91
40 79
79 33
53 71
83 89
0 78
18 86
13 14
27 89
48 90
16 41
62 49
17 80
65 66
35 5
19 42
0 26
55 41
12 52
2 91
98 68
93 2
95 49
77 50
8 97
45 61
89 29
16 52
39 53
86 66
83 26
39 42
91 35
90 45
11 74
23 15
2 54
3 53
85 40
36 88
32 39
34 99
88 42
34 97
39 81
87 48
19 2
35 32
4 69
92 41
67 24
16 80
66 37
100 29
22 3
70 13
3 77
6 39
83 46
19 61
15 7 0.86
100 30 1.0
48 82 0.88
77 27 0.92
51 34 0.76
10 31 0.99
64 2 0.83
41 59 0.89
78 6 0.89
2 41 1.0
43 16 0.87
68 28 0.92
67 5 0.98
11 96 0.81
83 14 0.87
62 38 0.88
65 13 0.88
17 88 0.8
24 30 0.77
52 8 0.79
85 96 0.76
73 74 0.92
30 93 1.0
30 75 0.88
79 72 0.94
13 64 0.84
22 39 0.75
84 3 0.76
51 94 0.75
80 98 0.76
20 76 0.82
24 86 0.99
99 12 0.86
10 12 0.97
88 96 0.97
72 42 0.91
65 38 0.9
74 47 0.93
77 22 0.95
0 95 0.83
4 43 0.75
92 38 0.99
15 48 0.85
33 21 0.87
59 72 0.93
57 9 0.81
59 2 0.9
63 95 0.94
89 69 0.87
24 82 0.9
83 8 0.86
96 41 0.79
39 7 0.9
43 36 0.99
6 92 0.94
66 45 0.77
72 49 0.79
28 27 0.83
44 33 0.92
88 75 0.96
1 96 0.95
3 99 0.77
42 37 0.88
15 27 0.94
51 77 0.97
82 46 0.76
14 66 0.79
92 67 0.8
48 27 1.0
90 1 0.97
86 71 0.83
12 32 0.9
64 81 0.92
5 84 0.78
75 58 0.78
58 47 0.82
46 49 0.92
96 60 0.93
93 51 0.95
99 40 0.95
0 31 0.86
17 50 0.88
97 33 0.84
53 34 0.89
68 7 0.83
28 13 0.93
31 42 0.97
13 17 0.99
36 96 0.97
5 40 0.87
83 69 0.98
63 83 0.83
99 24 0.75
88 77 0.89
78 35 0.79
66 2 0.96
19 46 0.92
41 45 0.96
47 92 0.83
75 95 0.83
75 37 0.93
93 70 0.87
96 13 0.76
1 75 0.92
69 97 0.97
57 27 0.75
7 21 0.75
33 79 0.77
89 30 0.99
83 98 0.79
21 31 0.82
23 38 0.77
17 36 0.87
33 84 0.97
42 68 0.96
10 77 0.76
61 92 0.98
67 52 0.82
3 94 0.81
38 41 0.94
44 51 0.93
45 27 0.76
30 87 0.8
84 72 0.89
46 18 0.97
80 97 0.83
96 27 0.82
67 88 0.92
4 41 0.94
76 50 0.96
100 97 0.93
87 62 0.78
65 0 0.82
54 50 0.78
83 45 0.88
53 32 0.95
4 3 0.98
23 82 0.88
87 29 0.75
28 78 0.88
73 57 0.82
4 29 0.9
86 43 0.85
52 85 0.92
61 75 0.79
32 33 0.9
79 71 0.96
72 46 0.85
80 64 0.95
53 58 0.91
84 71 0.93
98 61 0.88
70 39 0.98
75 35 0.77
86 87 0.84
68 67 0.88
73 97 0.98
44 2 0.93
65 22 0.9
39 0 0.93
0 61 0.75
51 88 0.77
77 23 0.79
94 3 0.95
78 2 0.93
38 70 0.95
46 6 0.94
89 83 0.83
70 7 0.99
87 36 0.87
2 6 0.9
2 49 0.84
11 73 0.75
48 38 0.86
55 62 0.97
65 92 1.0
32 17 0.99
83 34 0.77
2 64 0.93
33 30 0.93
71 45 0.86
14 44 1.0
11 67 0.96
60 87 0.99
35 33 0.88
41 25 0.83
100 83 0.81
51 74 1.0
93 24 0.9
36 4 0.88
68 35 0.93
90 0 0.96
49 63 0.8
41 41 0.85
5 39 0.96
81 26 0.81
1 2 0.84
74 29 0.92
89 39 0.97
45 60 0.93
58 40 0.94
7 34 0.94
39 89 0.91
83 6 0.85
39 82 0.97
60 55 0.98
73 42 0.94
23 54 0.8
93 3 0.75
4 51 0.93
46 27 0.87
50 99 0.95
71 2 0.84
52 4 0.98
90 60 0.76
31 99 0.89
18 96 0.81
83 73 0.84
93 45 0.95
10 87 0.82
66 44 0.84
70 94 0.91
62 83 0.78
10 78 0.81
6 28 0.8
95 20 0.76
2 10 0.78
27 32 0.89
86 5 0.82
33 33 0.86
32 22 0.84
40 31 0.98
93 99 0.99
5 6 0.8
14 0 0.8
10 72 0.75
26 10 0.85
4 44 0.87
49 92 0.79
32 88 0.93
42 89 0.91
81 71 0.78
81 28 1.0
14 82 0.98
79 17 0.81
38 20 0.8
73 36 0.87
72 56 0.76
18 92 0.93
17 60 0.83
16 89 0.93
93 100 0.84
11 93 0.83
24 47 0.79
63 29 0.76
47 12 0.75
50 61 0.85
39 57 0.95
47 18 0.8
3 68 0.83
80 9 0.95
74 45 0.99
28 62 0.93
87 42 0.8
52 5 0.99
30 37 0.83
55 87 0.87
67 70 0.84
96 88 0.91
35 64 0.93
28 56 0.98
22 47 0.91
52 98 0.78
49 34 0.76
84 94 0.87
80 48 0.86
6 43 0.88
14 84 0.79
11 36 0.94
30 57 0.9
87 16 0.97
48 89 0.99
88 67 0.84
93 25 0.98
12 84 0.93
36 54 0.77
65 6 0.79
23 35 0.8
59 58 0.77
5 46 1.0
23 51 0.85
11 81 0.99
30 25 0.95
60 92 0.84
95 31 0.77
54 0 0.75
11 76 0.89
91 6 0.79
58 77 0.84
93 64 0.8
0 88 0.94
23 56 0.99
15 90 0.88
94 55 0.88
13 77 0.92
23 63 0.85
62 79 0.95
64 44 0.99
54 95 0.81
64 72 0.9
23 57 0.97
65 94 0.8
71 43 0.76
95 2 0.99
91 93 0.79
75 84 0.8
26 81 0.91
61 37 0.93
42 14 1.0
34 9 0.95
57 75 0.88
70 18 0.83
88 10 0.95
80 89 0.8
26 90 0.93
1 22 0.79
71 19 0.9
48 9 0.99
41 63 0.94
10 6 0.95
71 46 0.77
53 94 0.93
54 42 0.92
37 55 0.8
100 1 0.95
91 19 0.97
16 85 0.84
51 99 0.8
68 33 0.82
55 91 0.81
49 31 0.76
5 16 0.86
69 94 0.93
33 99 0.84
23 80 1.0
76 27 0.85
60 70 0.79
12 47 0.95
96 47 0.82
22 56 0.97
73 22 0.95
18 94 0.81
79 9 0.87
89 91 0.81
29 92 0.91
5 24 0.76
2 66 0.99
50 43 0.87
76 10 0.85
97 42 0.92
30 47 0.86
70 14 0.98
57 87 0.77
21 81 0.83
87 94 0.95
97 50 0.84
98 3 0.76
67 27 0.86
36 24 0.89
55 38 0.89
23 12 0.86
59 19 0.89
72 83 0.95
26 92 0.98
89 25 0.83
55 46 0.97
2 48 0.86
37 83 0.87
31 77 0.85
14 94 0.77
30 84 0.75
70 55 0.93
54 34 0.93
74 78 0.86
41 52 0.91
5 19 0.84
80 56 0.98
10 59 0.9
87 6 0.75
47 24 0.87
48 47 0.76
19 80 0.94
58 18 0.79
96 17 0.77
16 67 0.84
52 33 0.9
13 6 0.81
68 9 0.81
63 2 0.82
4 61 0.88
