200 400 100 10
94 27
14 97
2 40
52 76
91 64
70 11
42 8
9 79
25 85
42 50
78 25
62 70
76 0
56 52
23 81
22 32
4 5
59 67
13 9
97 13
80 14
85 33
93 85
38 76
50 28
59 58
51 72
79 61
65 49
80 7
72 89
27 13
37 23
77 76
30 56
4 88
87 38
57 91
64 0
73 11
95 43
65 67
26 5
19 6
65 11
41 2
79 41
4 24
20 17
67 25
2 91
37 15
37 79
62 55
32 35
2 51
50 93
5 32
89 45
7 98
88 7
19 86
41 22
0 49
96 33
46 37
90 14
92 46
47 21
55 9
53 57
77 20
63 39
47 2
58 11
67 14
83 100
24 9
64 8
32 68
73 10
96 11
34 39
67 12
92 52
42 37
50 15
50 51
80 48
69 49
85 73
35 37
45 35
42 74
80 76
72 41
9 76
69 3
79 80
98 57
43 58
80 21
83 54
2 66
70 0
51 96
0 80
84 50
58 20
56 83
25 76
100 47
86 74
89 31
51 83
22 36
43 66
46 69
78 90
47 48
80 0
16 18
98 84
3 81
16 1
20 8
48 16
99 80
71 50
35 29
28 58
21 31
86 63
99 26
59 2
33 14
8 89
6 20
53 36
93 100
0 45
22 31
11 27
39 10
88 68
45 81
4 36
61 19
2 38
49 16
70 23
46 29
56 46
43 27
74 5
32 9
30 93
27 65
100 73
80 4
39 14
30 49
66 15
84 19
17 19
72 40
62 8
36 5
90 5
15 84
49 54
32 58
5 0
35 4
23 94
87 5
53 1
86 48
26 80
28 17
39 84
94 34
97 35
2 81
2 79
78 91
78 29
88 96
3 14
10 97
56 89
94 58
83 33
83 51
99 63
64 70
64 84
49 21
22 35
4 79
97 44 0.83
76 94 0.94
35 16 0.98
98 55 0.94
27 100 0.9
35 8 1.0
0 16 0.91
99 66 0.79
47 32 0.97
83 68 0.98
93 0 0.93
17 49 0.81
58 58 0.91
75 81 0.93
68 72 0.77
70 40 0.89
38 59 0.75
50 3 0.84
13 19 0.84
66 19 0.91
62 10 0.91
3 62 0.79
48 29 1.0
5 10 0.87
36 24 0.91
48 88 0.77
42 56 0.76
2 88 0.83
39 9 0.9
51 27 0.9
39 15 0.8
53 33 0.87
56 23 0.82
4 76 0.9
34 42 0.93
76 100 0.77
76 33 0.94
49 56 0.83
32 8 0.76
1 78 0.96
91 35 0.96
56 58 0.98
0 68 0.98
1 21 0.76
29 61 0.87
63 29 0.8
91 19 1.0
66 68 0.81
25 65 0.88
26 82 0.93
49 18 1.0
79 20 0.88
12 73 0.97
29 1 0.94
94 60 0.91
0 75 0.94
18 94 1.0
33 90 0.96
34 26 0.76
7 80 0.92
58 3 0.84
16 47 0.99
3 10 0.76
99 57 0.94
87 78 0.99
32 4 0.88
77 27 0.93
41 41 0.8
18 98 0.93
33 79 0.85
100 23 0.85
4 43 0.96
29 32 0.84
10 21 0.86
76 56 0.9
75 10 0.78
54 32 0.95
74 46 0.81
24 19 0.96
39 53 0.79
97 72 0.8
45 3 0.83
1 98 0.98
98 38 0.96
11 74 0.92
26 89 0.97
89 70 0.87
55 46 0.94
33 100 0.83
68 35 0.83
24 23 0.96
45 73 0.81
37 40 0.99
92 59 0.92
81 66 0.79
1 56 0.95
70 68 0.95
19 70 1.0
95 95 0.98
84 20 0.91
9 74 0.88
30 81 0.99
47 59 0.88
41 46 0.91
64 10 0.77
9 40 0.96
36 97 0.8
74 14 0.91
6 94 0.89
28 37 0.89
4 8 0.93
75 28 0.92
99 72 0.96
20 27 1.0
92 8 0.84
82 2 0.9
85 22 0.86
65 65 0.96
18 25 0.81
86 88 0.79
92 48 0.89
19 88 0.98
18 16 0.8
26 24 0.87
49 10 0.96
64 13 0.78
26 57 0.88
34 1 0.76
72 20 0.88
33 38 0.87
9 1 0.85
37 85 0.79
85 49 0.91
44 42 0.91
78 68 0.79
53 19 0.93
16 21 0.76
89 21 0.78
21 41 0.95
37 7 0.96
62 16 0.85
46 31 0.93
72 72 0.94
70 17 0.97
14 85 0.82
88 69 0.82
37 92 0.91
6 62 0.93
28 82 0.9
33 67 0.8
40 100 0.84
66 42 0.78
57 9 0.8
77 89 0.98
67 82 0.96
80 49 0.84
86 98 0.84
59 74 0.78
99 32 0.77
20 71 0.76
64 58 0.8
62 62 0.85
62 5 0.81
95 24 0.76
19 17 0.83
93 63 0.8
88 30 0.78
63 43 0.82
28 57 0.84
80 77 0.8
49 74 0.94
85 92 0.9
86 33 0.85
42 6 0.88
6 70 0.94
29 13 0.87
84 26 0.88
85 95 0.98
39 94 0.77
40 6 0.87
78 72 0.94
90 31 0.96
98 37 0.95
81 11 1.0
11 22 0.98
3 29 0.8
30 13 0.85
6 58 0.93
53 80 0.78
83 99 0.92
23 17 0.83
99 82 0.95
72 17 0.87
9 52 0.8
91 2 0.83
19 21 0.84
74 27 0.84
32 99 0.9
65 94 0.88
42 27 0.85
54 86 0.88
33 42 0.98
94 82 0.84
62 64 0.91
96 83 0.95
48 37 0.98
4 54 0.97
21 38 0.8
89 89 0.99
68 0 0.9
34 38 0.88
41 58 0.81
79 97 0.88
43 71 0.96
6 83 0.89
78 87 0.85
83 16 0.83
28 86 0.84
19 75 0.79
46 8 0.92
23 53 0.87
48 17 1.0
76 17 0.92
47 4 0.89
75 69 0.84
5 39 0.88
16 44 0.94
17 18 0.85
39 22 0.87
8 68 0.91
21 82 0.76
8 60 0.92
59 90 0.95
99 12 0.87
43 33 0.9
85 88 0.78
90 57 0.98
82 3 0.78
7 38 0.75
84 87 0.8
9 45 0.82
82 63 1.0
77 48 0.77
55 16 0.83
25 98 0.87
9 18 0.75
53 89 0.98
27 77 0.8
61 17 0.86
86 64 0.94
68 95 0.98
47 71 0.82
31 32 0.83
87 19 0.91
28 23 0.84
64 35 0.93
50 77 0.78
70 95 0.76
23 58 0.89
4 9 1.0
93 56 0.79
57 0 0.82
4 71 0.84
50 9 0.96
30 87 0.76
56 21 0.87
49 15 0.98
17 50 0.94
100 64 0.8
45 17 0.81
80 80 0.92
67 3 0.92
20 62 0.86
58 64 0.82
5 2 0.97
44 74 0.85
63 89 0.75
73 31 0.77
44 92 0.93
15 9 0.8
38 77 0.79
3 12 0.87
64 55 0.87
3 40 0.78
16 80 0.86
41 48 0.82
19 35 0.98
28 33 0.88
47 46 0.79
11 87 0.89
59 28 0.93
86 34 0.78
74 1 0.93
70 82 1.0
84 81 0.84
98 30 0.84
67 63 0.75
2 13 0.77
34 2 0.94
20 100 0.8
3 22 0.84
57 95 0.87
44 17 0.93
76 34 0.83
94 12 0.87
59 73 0.87
32 77 0.77
27 56 0.88
95 22 0.76
17 98 0.78
71 8 0.88
17 17 0.97
6 85 0.94
37 39 0.92
25 0 0.86
72 2 0.8
83 80 0.8
66 53 0.93
56 8 0.75
11 58 0.89
48 79 0.87
41 53 0.85
65 97 0.87
53 97 0.92
93 7 0.95
88 67 0.75
48 43 0.83
35 30 0.99
40 19 0.83
16 68 0.8
3 50 0.79
38 65 0.93
68 92 0.97
79 90 0.84
15 95 0.9
38 18 0.89
55 11 0.76
93 78 0.96
15 46 0.77
81 30 0.77
22 6 1.0
76 82 0.78
2 17 0.78
45 67 0.92
76 75 0.95
97 85 0.78
36 59 0.75
87 50 0.78
96 20 0.85
54 33 0.9
37 88 0.99
100 11 0.87
27 82 0.83
0 57 0.86
48 62 0.85
9 97 0.95
31 15 1.0
41 90 0.87
95 87 0.9
29 15 0.83
9 99 0.95
94 42 0.83
40 42 0.78
92 21 0.93
44 85 0.97
52 15 0.88
63 98 0.94
5 41 0.91
94 53 0.95
24 70 0.86
87 77 0.87
17 94 0.83
76 85 0.8
16 64 0.8
58 36 0.78
94 52 0.91
88 86 0.91
48 55 0.91
22 4 0.79
99 78 0.79
0 47 0.88
12 4 0.76
46 28 0.83
73 25 0.95
96 80 0.8
85 46 0.79
47 79 0.92
51 24 0.82
0 38 0.78
85 5 0.91
65 18 0.82
3 83 0.79
4 49 0.97
6 95 0.87
54 6 0.87
91 38 0.78
95 31 0.98
47 40 0.94
36 41 0.93
78 44 0.92
