200 400 100 10
39 99
16 54
25 44
14 49
29 12
37 74
77 5
70 31
58 33
45 10
25 25
7 75
23 35
7 32
28 71
44 24
64 82
43 30
56 27
25 11
16 41
34 56
36 52
76 59
51 50
61 29
42 60
30 99
20 66
54 33
2 17
37 64
74 42
37 8
41 20
92 98
63 63
45 97
58 35
86 80
10 59
1 75
76 71
7 41
100 36
8 3
87 58
72 16
55 97
82 51
72 53
1 14
23 94
17 92
92 35
84 39
100 12
20 53
36 8
8 40
82 69
0 77
64 97
83 89
92 57
2 13
36 40
68 87
77 41
90 47
35 53
44 75
21 20
64 23
60 43
66 67
75 63
56 46
51 59
15 65
37 48
61 87
49 33
53 19
78 39
91 25
75 52
9 43
76 64
65 38
32 71
66 95
69 83
0 86
21 32
35 8
74 25
99 5
1 59
91 72
74 47
100 83
70 100
56 99
4 25
80 66
51 3
59 73
49 67
42 84
57 44
71 9
78 5
69 56
35 47
24 93
74 35
59 10
64 68
18 72
18 6
99 3
1 70
52 95
75 88
13 5
34 7
4 1
79 55
49 39
40 84
36 45
32 53
83 8
9 63
89 63
78 87
72 27
23 54
37 91
37 19
51 19
55 63
41 48
38 23
84 12
30 59
100 50
23 90
52 53
92 67
51 40
28 38
75 32
77 67
91 16
60 39
44 45
12 67
36 44
63 72
76 56
78 27
4 18
28 25
72 67
2 58
41 9
28 66
28 23
13 52
89 79
24 83
36 84
10 49
15 10
28 92
83 95
67 51
42 100
37 28
61 48
82 58
90 96
41 58
7 6
8 27
41 24
95 85
83 36
15 30
44 77
17 58
100 15
34 2
57 3
26 96
28 2
50 29
30 91
70 91 0.8
54 83 0.81
53 11 0.82
69 10 0.85
58 55 0.8
25 45 0.97
63 7 0.89
1 26 0.78
78 73 0.88
58 9 0.78
10 5 0.96
8 72 0.76
26 92 0.95
5 87 0.87
42 52 0.86
82 50 0.8
61 19 0.96
28 3 0.99
96 60 0.75
29 21 0.87
6 18 0.99
69 29 0.79
18 91 0.79
91 66 0.83
85 43 0.84
11 39 0.86
88 54 0.84
43 41 0.96
99 84 0.92
90 30 0.75
47 72 1.0
57 48 0.92
65 25 0.8
61 20 0.81
67 84 0.78
60 80 0.99
34 96 0.76
14 54 0.98
9 74 0.92
25 29 0.78
9 87 0.95
100 88 0.86
98 69 0.96
40 31 0.98
14 87 0.79
65 36 0.86
13 92 0.97
93 26 1.0
10 85 1.0
80 46 0.87
79 33 0.92
43 87 0.95
71 97 0.85
85 91 0.92
47 95 0.75
55 99 0.84
33 6 0.92
23 93 0.75
4 4 0.83
78 66 0.81
36 7 0.92
36 9 0.87
75 90 0.93
74 99 0.83
34 62 0.86
51 35 0.76
84 20 0.89
0 27 0.82
49 46 0.87
48 72 0.96
85 92 0.82
23 31 0.76
45 57 0.84
3 95 0.87
26 38 0.93
60 89 0.93
44 93 1.0
32 35 0.76
4 77 0.82
1 4 0.84
49 60 0.9
53 94 0.96
78 9 0.75
64 64 0.84
38 2 0.79
7 1 0.98
20 35 0.77
53 95 0.89
20 55 0.8
8 13 1.0
29 53 0.88
69 32 0.77
57 92 0.91
16 48 0.94
70 40 0.82
71 34 0.9
21 59 0.92
37 15 0.76
92 83 0.98
7 69 0.99
58 44 0.97
19 26 0.97
10 27 0.99
35 26 0.77
16 70 0.82
46 92 0.76
23 18 0.83
56 95 0.75
83 25 0.9
38 97 0.98
89 89 0.83
70 68 0.75
29 25 0.83
77 77 0.78
67 37 0.97
72 89 0.77
36 73 0.94
69 96 0.89
89 28 0.85
88 11 0.98
5 33 0.8
24 100 0.98
28 77 0.95
48 33 0.97
18 78 0.8
36 75 0.79
96 12 0.93
83 41 0.79
82 79 0.89
20 39 0.89
85 24 0.82
86 51 0.76
40 97 0.83
33 53 1.0
58 87 0.81
10 42 0.94
81 41 0.96
51 6 0.95
84 36 0.88
6 64 1.0
76 97 1.0
8 25 0.99
3 67 0.79
91 27 0.94
69 76 0.91
89 60 0.86
81 37 0.78
74 65 0.77
67 48 0.82
66 0 0.93
89 47 0.87
10 12 0.94
65 100 0.84
26 41 1.0
87 86 0.82
96 77 0.99
16 46 0.84
97 42 0.95
13 9 0.87
3 15 0.9
92 75 0.95
83 52 0.95
100 47 0.85
34 45 0.96
43 98 0.8
34 97 1.0
71 91 0.77
6 12 0.98
44 46 0.88
21 100 0.86
92 5 0.96
19 33 0.77
2 29 0.77
26 87 0.78
34 3 0.92
42 0 0.84
46 46 0.93
60 59 0.85
37 24 0.92
25 87 0.79
92 13 0.8
53 100 0.86
85 80 1.0
95 13 0.81
82 15 0.96
31 46 0.95
74 14 0.86
36 22 0.86
93 15 0.81
3 9 0.86
1 42 1.0
62 88 0.94
88 26 0.8
43 64 0.75
90 72 0.78
89 42 0.96
82 2 0.98
63 65 0.99
96 28 0.97
68 85 0.89
21 15 0.87
48 21 0.78
19 90 0.96
80 36 0.97
24 95 0.93
32 28 0.76
48 77 0.95
67 66 0.84
66 58 0.78
80 13 0.83
50 62 0.81
28 53 0.75
20 4 0.97
71 77 0.76
45 22 0.9
13 99 0.97
54 90 0.83
24 0 0.93
64 12 0.94
47 50 0.85
95 73 0.99
58 41 0.79
52 62 0.86
76 14 0.93
14 37 0.98
84 26 0.85
58 1 0.91
87 66 0.84
66 85 0.87
71 93 0.76
61 23 0.76
59 79 0.78
39 94 0.81
43 0 0.82
44 22 0.76
47 21 0.93
27 0 0.82
28 7 0.86
11 72 0.9
34 59 0.84
47 42 0.85
34 1 0.95
77 62 0.79
25 99 0.88
89 20 0.94
34 60 0.89
31 73 0.98
79 69 0.78
30 19 0.86
12 98 0.88
36 67 0.9
71 30 0.84
44 47 0.95
41 10 0.76
46 96 0.86
67 44 0.94
38 12 0.77
18 39 0.76
66 21 0.89
3 24 0.92
1 34 0.96
71 0 0.95
89 98 0.8
80 9 0.98
39 44 0.98
62 32 0.8
65 70 1.0
16 28 0.84
77 86 0.95
32 6 0.84
27 53 0.81
36 41 0.88
10 46 0.87
78 30 1.0
81 20 0.81
80 98 0.89
64 49 0.92
21 30 0.87
29 67 0.96
22 57 0.89
79 44 0.83
73 13 0.79
16 8 0.89
1 65 0.92
72 18 1.0
75 3 0.97
11 23 0.79
8 81 0.94
28 69 0.9
42 63 0.88
74 53 0.91
100 18 1.0
67 78 0.75
42 80 0.89
85 38 0.98
57 64 0.9
61 67 0.88
18 49 1.0
67 81 0.95
33 45 0.87
92 7 0.93
46 100 0.79
56 90 0.82
19 43 0.89
61 4 0.78
54 54 0.87
76 31 0.98
43 85 0.88
32 86 0.86
3 82 0.96
92 10 0.96
22 0 0.84
91 81 1.0
42 89 0.77
79 53 0.8
18 74 0.95
22 29 0.99
57 37 0.92
13 31 1.0
6 30 0.86
46 81 0.86
27 98 0.87
73 11 0.92
96 15 0.75
56 34 0.94
12 24 0.81
29 1 0.76
28 62 0.93
70 29 0.91
81 86 0.97
14 91 0.84
98 91 0.81
52 36 0.83
71 53 0.96
11 12 0.92
43 24 0.88
43 40 0.82
44 94 0.83
7 56 0.97
14 8 0.89
38 78 0.76
75 79 0.82
75 5 0.89
28 100 0.94
43 90 0.94
7 30 0.91
53 62 0.97
33 22 0.82
30 57 0.79
26 27 0.95
87 31 0.76
78 33 0.78
26 55 0.89
79 20 0.92
53 43 0.86
50 49 0.97
66 97 0.86
56 17 0.97
24 62 0.94
30 84 0.84
11 63 0.9
53 39 0.92
18 90 0.92
71 39 0.98
10 91 0.86
7 84 0.83
67 76 0.97
87 76 0.85
81 7 0.78
16 60 0.83
75 46 0.88
66 27 0.78
15 16 0.83
46 27 0.99
77 12 0.85
8 56 0.89
92 53 0.92
83 19 0.77
54 57 0.84
27 63 0.86
61 77 0.92
44 19 0.92
13 24 0.82
60 45 0.86
47 0 0.99
71 73 0.77
5 11 0.97
65 95 0.98
19 23 1.0
63 4 0.76
57 26 0.84
85 44 0.91
11 32 0.97
83 15 0.77
13 6 0.88
88 32 0.96
98 48 0.76
41 34 1.0
96 16 0.78
92 78 0.82
