200 400 50 10
47 5
6 28
42 24
0 54
11 44
48 2
50 98
32 13
14 57
93 36
67 64
80 40
22 18
90 21
65 6
76 51
85 9
45 31
58 49
90 95
32 100
22 60
71 74
12 34
26 70
66 53
5 16
98 33
38 42
79 68
38 37
17 20
100 31
71 55
90 7
97 71
65 90
13 62
37 64
89 7
0 43
56 63
77 29
0 84
1 89
86 86
83 36
74 13
100 100
0 69
33 12
77 1
18 5
72 6
4 11
25 19
62 97
20 50
57 71
80 87
31 93
65 76
0 1
25 98
70 28
33 27
42 89
10 18
17 90
39 62
85 12
59 12
10 92
12 41
58 10
8 71
14 41
44 93
37 100
62 85
86 91
44 76
2 100
33 5
89 73
1 42
33 86
35 65
71 82
55 38
64 74
22 89
79 20
70 53
83 100
17 84
0 61
10 11
60 70
94 30
23 93
35 10
9 68
33 10
53 2
100 10
21 83
24 21
24 45
39 32
24 91
74 82
13 23
47 18
75 99
20 95
40 3
82 98
59 30
44 60
56 39
40 32
39 70
14 24
83 30
26 78
49 87
32 1
73 35
86 17
44 80
26 68
96 57
23 61
85 48
36 82
97 21
43 78
86 25
93 10
52 10
4 96
57 50
35 5
75 49
66 2
69 80
41 2
88 0
5 84
30 12
55 42
6 9
63 12
59 67
98 47
55 59
55 41
5 29
74 64
29 8
65 52
74 47
58 62
8 93
8 20
92 18
22 40
81 62
17 36
74 97
80 86
99 12
69 2
0 3
88 60
33 57
69 93
87 56
42 21
95 84
36 46
58 7
69 54
19 23
95 29
7 6
35 97
16 2
53 84
68 54
46 45
43 77
3 20
97 78
86 10
73 75
32 85
1 21
67 50
88 89 0.84
16 9 0.75
2 20 0.91
10 6 0.9
49 37 1.0
16 18 0.75
85 100 0.95
48 33 0.8
40 66 0.88
89 10 0.78
34 55 0.81
13 30 0.93
93 82 0.89
60 40 0.75
82 13 0.75
6 36 0.86
89 94 1.0
89 75 0.8
26 10 0.86
5 4 0.81
30 90 0.75
67 71 0.91
7 16 0.91
26 17 0.96
98 49 0.87
87 10 0.97
91 42 0.76
10 84 0.75
60 34 0.88
21 3 0.81
24 29 0.77
48 29 0.79
94 2 0.99
43 76 0.81
71 91 0.82
94 41 0.98
52 22 0.85
40 62 0.87
20 97 0.97
67 37 0.78
71 50 0.78
83 54 0.91
23 54 0.82
17 59 0.9
90 89 0.8
17 100 0.91
32 43 0.92
66 14 0.86
26 14 0.94
86 95 0.9
74 96 0.89
51 92 0.96
32 34 0.83
25 65 0.83
31 43 0.78
4 1 0.93
38 54 1.0
4 98 0.84
7 11 0.81
47 28 0.94
74 92 0.94
55 15 0.99
44 27 0.84
17 70 0.91
7 44 0.77
62 38 0.88
36 70 0.95
91 88 0.89
41 91 0.82
64 70 0.89
8 80 0.76
99 10 0.97
91 59 0.87
59 97 0.98
97 9 0.81
45 89 0.9
36 31 0.9
80 2 0.85
89 39 0.79
91 85 0.86
22 44 0.78
10 26 0.97
59 49 0.87
49 0 0.78
90 66 0.96
2 42 0.75
88 26 0.83
39 83 0.97
50 51 0.89
22 55 0.86
47 12 0.85
26 98 0.89
43 75 0.76
81 72 0.81
98 97 0.9
100 18 0.91
56 67 0.83
36 98 0.9
53 12 0.75
45 83 0.89
45 42 0.87
47 39 0.91
20 39 0.9
28 40 0.93
5 0 0.94
70 29 0.78
67 56 0.84
10 35 0.85
25 88 0.86
57 92 0.82
93 98 0.99
46 7 0.82
8 31 0.87
62 74 0.92
69 81 0.85
97 75 0.92
87 93 0.82
86 59 0.91
30 62 0.75
12 44 0.75
53 54 0.97
1 72 0.89
26 41 0.91
66 90 0.77
53 77 0.77
85 91 0.98
68 29 0.99
5 31 0.9
31 31 0.79
16 93 0.94
13 80 0.84
48 66 0.79
74 78 0.83
95 89 0.96
54 28 0.77
42 51 0.85
90 13 0.85
15 47 0.96
62 35 1.0
92 98 0.77
63 7 0.95
12 19 0.99
15 58 0.75
47 63 0.85
74 30 0.77
16 31 0.88
79 17 0.91
53 46 0.93
1 15 0.83
21 40 0.88
20 55 0.99
48 0 0.99
0 30 0.96
90 100 1.0
3 58 0.79
34 88 0.84
99 56 0.82
18 27 0.98
71 21 0.76
3 53 0.92
59 36 0.76
36 81 0.93
89 38 0.78
56 31 0.85
67 23 0.93
80 1 0.98
52 4 1.0
77 40 0.93
20 66 0.82
98 64 0.94
33 9 0.94
59 19 0.9
54 94 0.92
31 27 0.89
99 11 0.98
13 28 0.77
13 78 0.96
0 19 0.95
83 77 0.95
43 49 0.77
1 86 0.89
97 43 0.99
39 96 0.96
6 14 0.99
18 40 0.96
61 74 0.9
89 98 0.8
79 73 0.77
10 32 0.97
87 85 0.79
88 12 0.92
47 62 0.87
98 4 0.94
49 81 0.79
17 83 0.8
81 94 0.98
43 44 0.75
36 43 0.8
87 30 0.8
62 83 0.85
20 86 0.93
4 54 0.82
14 19 0.76
15 57 0.98
2 52 0.91
37 69 0.93
52 6 0.98
55 80 0.81
18 100 0.95
12 94 0.79
46 87 0.81
20 51 0.96
94 52 0.9
59 87 0.98
35 64 0.91
5 23 0.82
33 47 0.83
27 69 0.83
93 37 0.8
20 47 0.77
61 16 0.9
26 50 0.77
5 79 0.8
55 35 0.75
9 42 0.99
28 38 0.77
67 33 0.92
33 37 0.77
57 75 0.76
52 44 0.99
12 27 0.85
2 16 0.83
9 16 0.97
98 40 0.85
80 97 0.99
43 86 0.95
61 15 0.79
70 79 0.79
33 80 0.81
25 85 0.89
20 64 0.93
50 13 0.83
87 60 0.81
62 37 0.78
57 24 0.9
57 29 0.75
62 40 0.94
83 58 0.97
65 42 0.96
80 11 0.8
25 5 0.95
55 26 0.9
6 51 0.82
27 6 0.86
0 66 0.96
65 64 0.84
19 74 1.0
66 97 0.98
25 22 0.93
58 89 0.95
10 4 0.76
39 49 0.95
22 56 0.88
12 9 0.86
10 16 0.79
20 71 0.98
25 97 0.82
86 4 0.85
57 6 0.89
31 29 0.93
32 40 0.78
12 88 0.84
55 50 0.99
8 89 0.91
62 24 0.99
67 93 0.83
44 8 0.89
42 58 0.84
54 93 0.99
66 71 1.0
96 40 0.84
14 20 0.92
78 81 0.91
17 26 0.88
51 77 0.95
42 18 0.76
73 99 0.9
64 3 0.78
76 49 0.99
81 4 0.91
42 32 0.99
52 99 0.96
92 5 0.92
35 13 0.93
96 34 0.86
88 43 0.8
40 77 0.93
84 28 0.91
8 14 0.88
16 76 0.81
71 37 0.79
75 91 0.78
60 85 0.86
4 57 0.94
20 88 0.86
27 83 0.77
4 27 1.0
30 55 0.84
58 72 0.96
68 71 0.75
52 50 0.92
37 48 0.76
30 47 0.95
72 94 0.94
25 76 0.97
74 51 0.98
41 14 0.93
96 26 0.98
33 96 0.79
41 27 0.98
41 34 0.87
82 84 0.81
57 96 0.76
71 5 0.83
98 54 0.75
24 86 0.98
79 60 0.77
20 12 0.93
8 48 0.94
57 42 0.87
47 0 0.81
58 90 0.88
54 90 0.82
69 22 0.76
72 21 0.83
75 12 0.95
58 0 0.88
72 13 0.82
8 9 0.84
68 81 0.97
56 8 0.97
2 14 0.89
96 50 0.79
56 97 0.83
85 73 0.8
2 5 0.97
18 38 0.79
84 22 0.92
65 71 0.9
0 71 0.93
79 1 0.83
23 41 0.79
12 84 0.81
84 3 0.85
1 80 0.75
61 4 0.83
98 29 0.99
86 40 0.81
68 21 0.89
33 43 0.75
95 68 0.79
91 75 0.87
6 13 0.91
63 80 0.8
58 73 0.92
47 37 0.78
39 52 0.99
4 21 0.83
21 52 0.95
76 13 0.77
38 30 0.84
64 26 0.75
12 65 0.87
17 25 0.86
60 52 0.94
65 81 0.78
20 85 0.96
29 32 0.84
73 63 0.97
17 53 1.0
54 80 0.89
57 51 0.89
64 64 0.81
9 83 0.95
93 72 0.86
67 91 0.93
92 45 0.98
36 60 0.76
97 44 0.9
23 45 0.79
77 56 0.93
32 44 0.92
59 73 0.84
31 70 0.8
47 9 0.81
76 72 0.92
96 39 0.82
50 63 0.93
74 43 0.95
93 93 0.81
