200 400 50 10
29 96
13 23
50 0
40 26
19 56
96 37
36 16
84 63
91 94
60 77
31 74
14 10
19 60
85 26
99 39
44 64
33 5
37 98
45 61
22 75
8 6
25 31
68 69
68 100
56 58
62 7
81 56
82 44
6 63
68 73
69 70
17 86
42 47
24 32
50 56
99 30
99 7
39 50
66 23
89 40
64 94
38 97
12 42
84 12
34 85
69 50
76 56
91 3
66 70
9 82
93 79
16 88
19 40
19 87
47 25
83 3
7 82
3 34
63 65
86 28
65 33
10 68
76 9
46 94
8 34
62 65
31 7
35 21
29 26
68 93
73 30
83 51
12 55
50 57
84 11
84 13
33 31
36 23
20 90
13 53
68 32
89 96
75 59
3 100
86 34
23 53
100 56
99 28
41 39
9 57
47 49
69 74
58 75
55 15
44 67
2 65
65 98
60 43
80 88
57 86
70 35
89 93
65 69
12 62
92 86
93 28
26 82
31 53
41 95
5 93
92 41
40 31
97 95
24 92
52 31
20 58
98 67
78 40
65 67
53 56
79 16
89 23
52 60
48 31
2 70
72 72
77 25
57 85
82 45
22 30
52 38
30 34
95 89
74 27
32 22
93 60
72 39
3 69
85 91
23 42
44 59
72 30
19 42
46 64
56 41
48 92
40 82
26 78
84 52
69 99
26 21
4 35
11 64
29 64
94 22
14 42
64 32
75 94
44 54
97 14
82 82
20 91
34 46
6 32
35 73
91 38
41 17
23 25
14 59
62 61
84 31
26 85
52 8
73 36
23 80
41 71
37 78
90 79
96 81
9 7
28 11
61 84
37 23
51 28
21 43
58 80
53 87
82 25
29 6
56 91
56 80
6 57
80 59
51 81
6 92
30 52
50 67
53 89
35 98
57 22
48 2 0.77
9 18 0.83
50 52 0.85
53 38 0.97
48 65 0.91
85 60 0.89
91 85 0.92
6 38 0.87
62 10 1.0
54 59 0.83
81 34 0.91
64 43 0.97
9 59 0.89
10 27 0.83
37 42 0.86
72 93 0.97
43 42 0.89
65 77 0.77
36 25 0.84
77 40 0.98
25 17 0.98
11 54 0.92
30 44 0.93
85 85 0.99
19 86 0.8
6 49 0.98
46 43 0.99
26 20 0.8
78 92 0.94
21 22 0.94
80 56 0.82
24 7 0.82
29 98 0.81
18 42 0.97
91 45 0.91
95 21 0.91
81 42 0.79
86 7 0.81
0 86 0.8
42 55 0.95
31 19 0.82
83 44 0.99
9 21 0.89
94 0 0.9
94 85 1.0
13 21 0.78
92 87 0.79
8 75 0.93
49 24 0.92
49 78 0.95
55 95 0.92
21 98 0.84
46 49 0.86
51 17 0.85
14 19 1.0
58 3 0.86
50 41 1.0
18 85 0.81
11 42 0.86
92 57 0.76
88 13 0.8
93 25 0.85
39 19 0.77
95 24 1.0
9 30 0.85
75 21 0.99
32 20 0.95
56 36 0.98
77 61 0.95
0 72 0.77
3 71 0.78
88 27 0.87
80 83 0.94
90 52 0.94
15 5 0.95
1 39 0.78
13 61 0.79
22 73 0.87
36 0 0.86
16 61 0.89
29 59 0.77
21 35 0.81
19 16 0.82
42 0 0.92
89 51 0.99
22 27 0.96
15 80 0.8
56 22 0.81
8 87 0.8
21 8 0.75
61 85 0.97
66 76 0.77
56 79 0.84
54 36 0.89
89 55 0.95
43 37 0.9
47 79 1.0
99 1 0.82
66 63 0.75
72 32 0.98
85 50 0.75
92 8 0.99
97 36 0.97
95 73 0.99
21 77 0.78
98 11 0.76
54 18 1.0
99 69 0.78
53 1 0.91
91 78 0.88
81 55 0.99
20 42 0.79
42 80 0.93
79 13 0.99
36 43 1.0
26 30 0.84
83 70 0.96
31 48 0.84
97 90 0.96
8 51 0.92
66 1 0.77
72 53 0.9
49 33 0.82
38 49 0.98
65 65 1.0
58 4 0.96
39 73 0.8
0 95 0.92
14 38 0.86
94 76 0.9
94 44 0.76
55 39 0.85
28 93 0.99
56 32 0.91
38 94 0.83
52 72 0.91
93 17 0.78
99 54 0.85
27 38 0.91
14 28 0.76
99 75 0.8
21 29 0.9
83 76 0.78
96 45 0.89
62 75 0.86
97 87 0.83
77 60 0.88
21 84 0.97
95 67 0.85
10 91 0.83
4 18 0.86
39 61 0.77
86 79 0.9
48 10 0.81
19 55 0.76
19 33 0.77
62 4 0.88
24 10 0.99
72 65 0.83
22 41 0.95
35 82 0.75
13 43 0.91
59 88 0.76
21 4 0.95
91 19 0.84
99 36 0.78
16 19 0.87
87 42 0.8
88 9 0.92
97 70 0.9
37 71 0.97
34 43 0.95
87 92 0.75
32 9 0.83
21 56 0.82
4 86 0.89
61 78 0.96
56 78 0.95
22 12 0.76
49 86 0.95
76 99 0.9
48 98 0.87
74 14 0.99
14 23 0.8
1 86 0.9
46 53 0.94
30 80 0.78
85 36 0.89
85 0 0.95
82 18 0.97
96 72 0.96
82 12 0.82
2 45 0.81
85 4 0.94
72 26 0.97
37 73 0.99
37 57 0.75
31 65 0.82
64 60 0.82
40 49 0.96
25 83 0.83
3 0 0.77
82 35 0.81
20 33 0.77
3 60 0.97
74 48 0.82
2 19 0.87
17 91 0.78
14 13 0.82
58 50 0.99
94 93 0.91
81 90 0.75
58 31 0.76
41 0 0.76
59 26 0.76
32 1 0.8
27 80 0.81
89 53 0.96
57 93 0.77
84 18 0.84
60 5 0.81
18 80 0.84
93 18 0.89
94 77 0.9
82 81 0.8
6 58 0.86
3 21 0.77
74 78 0.8
89 89 0.97
37 44 0.8
61 79 0.99
57 100 0.93
73 19 0.75
99 79 0.83
43 24 0.96
91 43 0.88
46 30 0.89
37 81 0.97
36 36 0.92
13 5 0.83
71 40 0.84
69 73 0.97
27 55 0.99
58 66 0.91
35 17 0.79
40 50 0.9
45 56 0.78
24 41 0.82
43 39 0.8
2 42 0.95
38 9 0.88
43 69 0.78
10 73 0.8
36 5 0.89
79 97 0.98
97 37 0.86
0 21 0.76
9 65 0.98
70 96 0.9
5 62 0.94
82 57 0.88
41 23 0.98
73 1 1.0
34 64 0.84
7 64 0.77
23 68 0.89
16 13 0.9
97 46 0.94
98 23 0.78
75 71 0.78
44 55 0.84
2 48 0.87
86 97 0.94
82 31 0.83
87 64 0.83
98 45 0.91
80 21 0.86
34 77 0.76
36 48 0.77
67 5 0.86
25 51 0.99
71 23 0.81
11 56 0.83
95 35 0.8
16 47 0.77
19 62 0.92
88 92 0.81
84 64 0.78
61 70 0.82
97 9 0.9
31 81 0.92
20 32 0.79
32 40 0.78
19 70 0.89
67 53 1.0
41 26 0.99
31 30 0.91
67 9 0.92
5 50 0.75
41 75 0.91
7 67 0.82
83 71 0.99
46 62 0.75
24 14 0.88
35 59 0.9
57 6 0.96
100 37 0.89
95 54 0.96
61 13 0.88
100 93 0.95
59 3 0.94
34 58 0.87
13 69 0.92
75 1 1.0
1 2 0.95
7 86 0.84
40 97 0.91
32 85 0.85
35 91 0.9
78 43 1.0
35 69 0.92
75 95 0.95
97 65 0.82
39 43 1.0
64 37 0.86
40 37 0.99
69 33 0.92
63 2 0.78
24 50 1.0
80 82 0.8
84 26 0.88
7 61 0.83
10 10 0.75
62 18 0.83
10 31 0.8
74 47 0.94
53 36 0.92
60 52 0.91
98 75 0.78
36 19 0.78
14 88 0.99
77 67 0.96
24 25 0.89
100 40 0.94
91 6 0.82
61 71 0.84
42 68 0.84
75 16 0.89
96 40 0.95
98 8 0.89
24 62 0.92
75 60 0.91
24 58 0.81
34 98 0.87
69 39 0.99
70 88 0.98
45 7 1.0
70 48 0.92
83 86 0.93
71 80 0.75
82 94 0.86
42 84 0.83
35 86 0.97
29 70 0.89
8 43 0.84
3 65 0.91
28 35 0.76
60 0 0.78
84 88 0.99
6 83 0.82
2 8 0.82
42 61 0.95
19 91 0.9
70 34 0.99
1 24 0.76
87 0 0.93
23 98 0.94
4 24 0.83
8 62 0.84
90 47 0.88
39 72 0.78
14 20 0.92
40 51 0.83
4 27 0.78
40 24 0.79
55 20 0.79
47 58 0.77
35 4 0.79
40 18 1.0
74 35 0.95
10 14 0.8
94 64 0.95
84 49 0.84
41 79 0.94
85 95 0.89
87 97 0.9
25 42 0.91
79 8 0.97
43 79 0.97
24 96 0.78
