200 400 100 10
68 41
100 21
69 83
73 99
70 70
19 1
93 74
76 69
72 19
100 80
62 62
21 49
23 64
74 34
90 20
16 66
76 3
48 1
2 2
46 95
79 2
30 58
26 84
51 19
12 89
57 25
74 23
1 92
53 33
12 27
68 1
63 87
73 89
95 48
31 31
68 82
30 44
84 86
48 74
95 92
86 8
38 5
40 14
87 90
73 65
2 91
47 59
49 99
24 25
70 7
31 64
37 19
14 8
55 19
90 25
69 3
63 79
20 62
36 67
63 76
38 63
16 68
96 75
15 8
48 10
1 88
52 51
60 32
68 4
84 73
2 4
23 48
31 12
76 81
10 27
14 91
77 86
78 85
82 6
4 16
63 20
17 74
17 52
98 71
34 15
27 85
51 1
36 71
91 37
68 62
24 69
15 18
97 1
23 93
30 96
42 53
87 89
37 100
69 58
25 76
92 65
93 83
51 15
87 56
22 30
87 69
65 7
43 60
6 6
2 60
76 73
30 12
74 92
86 88
42 60
42 91
15 17
94 86
59 50
99 92
97 62
9 40
50 36
29 20
97 55
78 11
76 0
100 19
73 26
28 29
90 24
44 42
0 10
86 0
9 21
40 31
25 75
62 6
23 58
78 21
74 53
1 32
67 1
82 41
24 31
95 71
59 71
68 12
20 74
71 31
50 24
44 6
0 23
86 11
84 52
67 14
11 81
71 56
99 20
39 94
92 86
27 76
43 90
29 33
28 41
60 50
100 100
89 78
84 97
91 62
39 28
15 45
43 23
67 91
64 68
96 67
77 62
5 36
4 14
45 67
56 57
79 90
97 51
46 84
86 45
13 84
18 51
42 86
28 87
59 45
12 23
29 80
37 47
46 0
77 92
17 95
97 94
82 76
27 87
73 72
7 75 0.91
3 6 0.91
2 61 0.94
12 58 0.87
64 31 0.81
45 69 0.87
97 40 0.83
29 79 0.99
25 64 0.85
83 67 0.83
41 29 0.9
35 35 0.98
42 27 0.76
32 0 0.98
2 51 0.77
83 50 0.99
21 59 0.96
89 42 0.96
50 84 0.83
43 79 0.83
89 82 0.85
62 75 0.92
75 98 0.97
28 54 0.77
48 35 0.76
54 3 0.97
74 96 0.92
90 23 0.97
57 17 0.99
49 96 0.96
15 99 0.85
94 88 0.79
69 1 0.81
9 65 0.98
52 29 0.81
13 12 0.91
14 100 0.9
59 59 0.76
49 91 0.86
98 1 0.85
87 49 0.86
98 95 0.78
63 51 0.84
80 13 0.75
28 42 0.94
30 50 0.87
94 80 0.82
54 55 0.96
73 50 0.89
67 66 0.85
44 94 0.95
24 83 0.76
56 66 0.78
0 83 0.96
58 92 0.92
60 30 0.75
85 64 0.98
97 7 0.8
64 90 0.77
51 44 0.91
15 25 0.88
33 75 0.82
80 19 0.86
17 99 0.91
85 72 0.9
74 91 0.85
26 40 0.92
25 77 0.84
71 53 0.79
71 25 0.97
63 14 0.96
25 17 0.87
13 29 0.77
71 20 0.97
8 61 0.96
45 12 0.76
47 39 0.91
69 69 0.83
2 30 0.86
79 77 0.89
62 54 0.93
82 54 0.86
5 99 0.86
6 5 0.79
59 31 0.77
87 53 0.84
95 50 0.87
0 62 0.85
20 61 0.93
27 67 0.91
94 93 0.92
96 31 0.82
97 53 0.92
12 67 0.76
42 67 0.99
96 70 0.8
76 1 0.81
9 11 0.75
81 42 0.98
76 85 0.84
99 42 0.94
90 49 0.77
40 91 0.92
96 44 0.93
93 93 0.86
84 96 0.8
64 42 0.96
44 21 0.93
11 45 0.9
7 51 0.9
30 70 1.0
64 70 0.83
26 63 0.92
25 60 0.95
32 3 0.9
57 27 0.94
62 89 0.85
99 85 1.0
30 59 0.8
11 17 0.79
77 73 0.92
29 65 0.99
75 63 0.99
94 46 0.91
97 0 0.82
56 13 0.96
77 69 0.83
23 19 0.83
88 10 0.84
86 32 0.89
45 40 0.76
80 61 0.99
49 53 0.87
80 34 0.95
42 13 0.85
18 95 0.84
69 86 0.79
41 27 0.82
76 27 0.93
25 67 0.77
18 43 0.8
45 46 0.77
7 8 0.97
1 93 0.87
15 69 0.75
94 38 0.99
68 94 0.97
77 67 0.75
72 60 0.82
10 5 0.98
59 49 0.9
60 99 0.8
38 12 0.99
48 46 1.0
38 10 0.99
40 55 0.82
51 38 0.79
68 56 0.88
36 57 0.82
23 38 0.98
17 14 0.95
6 24 0.85
61 18 0.93
81 9 0.91
75 50 0.97
100 36 0.78
66 39 0.87
77 58 0.93
34 25 0.78
46 89 0.8
71 15 0.99
76 68 0.77
75 87 0.87
75 13 1.0
60 31 0.89
99 83 0.78
98 4 0.77
9 29 0.75
53 100 0.8
63 68 0.96
89 49 0.78
80 57 0.9
14 84 0.97
60 71 0.89
81 94 0.81
26 86 0.84
53 50 0.95
65 2 0.78
78 37 0.81
14 99 0.99
51 0 0.95
10 41 0.87
9 98 0.86
86 36 0.79
33 57 0.81
3 86 0.87
48 42 0.96
51 30 0.96
30 90 0.89
51 57 0.85
13 8 0.8
79 74 0.82
80 64 0.93
1 24 0.92
70 49 0.76
89 54 0.97
5 7 0.89
8 55 0.81
88 100 0.79
74 89 1.0
86 95 0.82
53 61 1.0
66 30 1.0
72 10 0.83
78 32 0.76
60 88 0.85
17 4 0.86
92 19 0.86
95 2 0.85
22 60 0.93
42 57 0.76
43 51 0.97
6 89 0.78
61 33 0.89
40 35 0.96
27 60 0.88
28 75 0.81
5 58 0.78
77 83 0.76
24 33 0.82
30 71 0.99
45 97 0.84
66 96 0.97
92 21 0.97
72 78 0.82
1 16 0.96
42 3 0.78
40 32 0.76
85 28 0.92
32 17 0.88
82 95 0.88
97 44 0.98
57 86 0.76
25 15 0.8
59 56 0.9
12 68 0.88
46 67 0.85
75 45 0.83
21 37 0.81
60 56 1.0
9 36 0.77
55 64 0.9
49 3 0.86
56 36 0.95
93 57 0.97
37 64 0.76
21 24 1.0
39 24 0.83
61 100 0.91
15 71 0.83
23 50 1.0
96 4 0.97
67 87 0.91
91 35 0.85
15 19 0.85
88 42 0.78
31 23 0.99
91 67 0.97
45 74 0.9
80 23 0.87
18 85 0.76
81 10 0.93
41 39 0.82
84 37 0.88
13 74 0.81
74 39 0.98
51 95 0.75
44 12 1.0
74 42 0.76
59 62 0.91
27 37 0.92
73 20 0.98
45 93 0.98
58 53 0.86
18 17 0.94
90 73 0.97
19 40 0.98
57 78 0.85
44 40 0.88
89 61 0.97
77 51 0.9
60 52 0.91
45 18 0.88
37 15 0.91
26 45 0.85
97 52 0.96
61 61 0.82
81 22 0.97
63 58 0.75
35 67 0.76
85 38 1.0
45 80 0.95
72 52 0.97
49 26 0.96
100 22 0.97
9 69 0.88
89 90 0.82
36 76 1.0
37 98 0.79
50 19 0.91
78 69 0.87
18 9 0.94
26 85 0.79
99 97 0.98
2 96 0.88
86 15 0.88
32 18 1.0
86 59 0.95
45 16 0.87
96 37 0.97
76 95 0.83
25 61 0.79
54 43 0.94
72 53 0.99
49 38 0.81
75 19 0.77
98 43 0.99
35 44 0.99
83 71 0.76
29 7 0.93
1 100 0.91
98 67 0.87
55 27 0.75
34 5 0.77
64 1 0.95
20 43 0.81
6 65 0.86
7 19 0.91
27 50 0.83
56 87 0.96
79 56 0.96
67 99 0.75
27 52 0.92
95 17 0.81
1 5 0.94
55 17 0.86
23 52 0.77
90 57 0.75
19 83 0.96
43 61 0.92
69 36 0.84
26 24 0.88
81 70 0.94
46 20 0.97
80 62 0.87
8 60 0.95
78 75 1.0
72 59 0.8
23 15 0.88
44 65 0.95
7 43 0.75
1 18 1.0
89 23 0.75
9 93 0.77
23 85 0.81
97 6 1.0
70 75 0.98
85 55 0.76
28 69 0.98
28 20 0.79
52 63 0.92
40 78 0.98
97 17 0.88
67 32 0.97
9 62 0.94
74 81 0.77
77 16 0.88
57 79 0.97
4 19 0.79
54 17 0.89
11 34 0.77
20 52 0.88
1 41 0.8
31 0 1.0
37 71 0.81
19 87 0.88
79 7 0.92
68 66 0.86
59 90 0.89
53 22 0.99
11 29 0.98
52 14 0.79
35 33 0.89
7 13 0.9
28 56 0.9
99 58 0.99
21 44 0.83
66 12 0.88
20 97 0.98
35 41 0.9
