200 400 20 10
16 29
17 58
80 1
100 16
17 80
33 95
55 60
47 95
81 15
58 91
65 4
20 82
42 83
95 93
7 91
48 43
93 55
42 66
0 58
20 27
86 75
83 65
38 67
100 72
54 96
71 58
59 21
44 25
2 26
47 94
91 10
40 19
6 84
39 78
27 81
66 78
42 81
10 86
90 4
73 65
1 29
68 6
44 80
20 56
30 53
5 48
98 47
56 40
81 35
79 34
70 56
51 75
28 81
93 61
58 54
68 57
20 58
11 58
37 87
99 32
36 8
89 52
18 83
31 13
82 25
31 57
54 73
21 37
46 79
55 80
25 48
56 9
41 37
7 51
16 95
69 9
3 16
40 30
10 45
76 97
81 5
8 78
64 16
88 59
24 51
3 46
42 55
60 10
82 2
70 85
0 88
80 41
38 70
5 78
34 18
10 78
90 45
74 87
92 53
69 56
96 25
46 85
42 99
78 63
18 46
69 89
7 37
71 16
42 42
25 19
74 61
86 30
69 33
45 16
14 28
10 59
31 92
24 13
58 9
11 20
84 2
21 74
61 77
1 69
37 5
49 26
0 72
100 66
55 50
98 67
41 42
57 21
54 72
98 17
1 53
23 50
84 15
60 49
0 13
86 37
52 100
20 73
49 42
34 11
46 47
69 60
77 11
87 83
4 97
94 6
66 13
73 78
55 49
53 81
73 69
78 65
46 8
55 92
65 55
2 25
4 12
68 97
45 83
79 45
71 66
78 99
34 100
34 94
85 37
34 41
52 40
90 55
69 58
31 100
93 79
4 72
60 64
19 24
50 70
32 46
92 64
20 90
51 64
84 69
50 5
34 84
96 74
88 5
87 54
78 52
0 53
3 24
62 74
59 44
30 83
63 56
27 13
81 87
81 43
90 2
88 86 0.98
90 40 0.97
16 63 0.91
22 87 0.78
85 23 0.94
91 82 0.99
39 32 0.79
54 85 0.77
56 74 0.97
81 69 0.75
39 21 0.9
10 60 0.8
90 43 0.87
24 94 0.81
88 24 0.89
93 70 0.9
45 88 0.81
21 23 0.96
36 9 0.84
97 55 1.0
28 87 0.78
16 92 0.8
69 25 0.81
88 57 0.79
30 21 0.77
89 87 0.95
87 19 0.9
14 10 0.9
37 8 0.99
22 1 0.87
49 64 0.86
11 15 0.87
63 51 0.95
24 62 0.78
69 1 0.88
36 86 0.81
13 18 0.77
31 47 0.83
47 19 0.8
97 22 0.92
68 26 0.91
72 42 0.83
61 33 0.91
93 89 0.75
26 98 0.91
38 60 0.97
79 53 0.95
88 69 0.9
67 1 0.76
6 6 0.76
60 0 0.9
55 47 0.85
54 71 0.81
51 42 0.87
23 22 0.75
82 20 0.79
90 76 0.88
74 36 0.8
56 15 0.82
2 36 0.92
82 64 0.98
14 70 0.93
8 84 0.96
16 96 0.92
44 44 0.91
89 11 0.83
58 1 0.78
60 57 0.89
49 10 0.92
44 72 0.77
94 91 0.78
52 60 0.97
93 36 0.89
13 96 0.76
97 27 0.82
48 29 0.85
77 100 0.94
47 79 0.78
96 51 0.75
48 5 0.93
92 17 0.75
39 49 0.92
97 53 0.85
2 49 0.78
24 41 0.75
13 60 0.98
90 59 0.84
24 42 0.86
67 50 0.91
39 89 0.78
27 15 0.9
67 10 0.87
71 41 0.82
60 68 0.84
50 64 0.81
81 40 0.95
0 68 0.99
39 98 0.8
3 30 0.82
77 57 0.95
82 75 0.76
92 24 0.97
86 84 0.77
10 36 0.87
13 56 0.89
46 76 0.9
48 12 0.81
27 82 0.97
50 21 0.8
96 17 0.93
95 87 0.94
55 57 0.77
62 88 0.95
11 17 0.85
24 0 1.0
83 55 0.95
13 65 0.9
12 50 0.8
50 100 0.78
57 30 0.99
68 82 0.86
81 38 0.77
40 82 0.86
58 41 1.0
3 94 0.91
71 27 0.91
86 77 0.94
80 37 0.77
15 51 0.93
96 63 0.9
99 100 0.77
67 8 0.84
37 94 0.9
2 3 0.94
42 90 0.76
83 35 0.98
71 5 0.87
99 30 0.99
69 47 0.85
91 16 0.82
69 4 0.81
79 10 0.8
4 53 0.75
59 12 0.97
72 66 0.84
57 64 0.86
22 83 0.92
47 93 0.79
2 40 0.79
35 18 0.9
16 70 0.77
6 87 0.87
98 4 0.82
45 45 0.97
78 76 0.9
40 69 0.95
67 81 0.77
92 83 0.96
56 52 0.95
7 2 0.82
31 84 0.88
5 79 0.9
0 93 0.97
11 5 0.94
82 5 0.98
0 6 0.84
36 65 0.96
50 94 0.81
18 36 0.91
78 83 0.9
43 85 0.93
91 30 0.76
45 58 0.8
31 25 0.78
7 50 0.93
17 59 1.0
5 64 0.98
93 72 0.79
86 11 0.95
1 15 0.92
56 80 0.92
77 9 1.0
37 48 0.81
22 46 0.79
77 18 0.87
84 60 0.8
53 76 0.83
60 55 0.79
39 63 0.85
73 58 0.83
48 27 0.79
29 64 0.99
18 82 0.92
72 80 0.98
94 56 0.93
74 65 0.81
69 66 0.9
58 13 0.86
64 59 0.98
26 1 0.86
4 79 0.85
83 25 0.9
78 100 0.87
43 5 0.94
77 89 0.91
40 25 0.97
86 49 0.81
15 92 0.95
5 25 0.89
60 6 1.0
73 88 0.84
95 42 0.77
80 53 0.96
35 6 0.95
57 70 0.79
86 62 0.93
34 69 0.9
2 28 0.82
47 65 0.78
3 38 0.84
67 24 0.81
85 13 0.94
14 37 0.89
96 62 0.78
91 4 0.81
31 9 0.91
44 87 0.88
20 24 0.81
59 93 0.76
73 7 0.84
26 22 0.77
77 69 0.9
18 41 0.79
94 83 0.95
52 99 0.98
9 95 0.78
6 52 0.95
80 38 0.75
0 11 0.79
82 28 0.96
54 3 0.98
87 57 0.94
35 2 0.79
45 62 0.95
13 53 0.91
55 93 0.78
99 69 0.97
21 49 0.77
45 17 0.75
24 48 0.95
3 68 0.85
68 96 1.0
23 69 0.86
5 100 0.92
53 1 0.79
35 11 0.96
2 63 0.89
26 48 0.93
18 56 0.9
44 49 0.84
30 6 0.83
65 74 0.76
61 93 0.83
5 38 0.94
74 40 0.79
95 65 0.91
3 29 0.95
71 94 0.87
51 33 0.76
81 80 0.77
61 42 0.85
74 0 0.76
13 26 0.83
7 3 0.93
22 67 0.9
78 87 0.9
87 12 0.93
63 29 0.96
25 8 0.95
80 55 0.96
56 58 0.98
46 3 0.81
59 7 0.91
73 66 0.82
6 31 0.95
34 44 0.95
38 53 0.86
15 96 0.82
74 90 0.83
2 84 0.98
81 50 0.99
90 14 0.94
33 0 0.94
33 86 0.87
39 39 1.0
34 78 0.76
33 24 0.83
71 25 0.94
1 64 0.95
80 20 0.77
6 53 0.85
28 85 0.98
14 57 0.9
51 91 0.78
26 94 0.83
26 46 0.94
54 30 0.8
64 75 0.93
87 48 0.78
28 17 0.98
63 86 0.88
58 39 0.91
14 55 0.91
24 50 0.78
67 43 0.84
7 46 0.79
83 11 0.79
6 74 0.76
20 79 0.82
16 51 0.83
6 88 0.96
65 37 0.85
68 75 0.88
76 64 0.75
15 12 1.0
71 40 0.77
70 51 0.84
46 44 0.95
79 1 0.98
5 12 0.89
18 16 0.85
40 47 0.77
63 66 0.97
89 68 0.95
15 59 0.84
72 8 0.8
26 70 0.85
11 81 0.93
87 79 0.89
87 98 0.92
15 39 0.96
56 51 0.83
46 71 0.81
72 37 0.88
6 32 0.85
50 65 0.86
43 12 0.89
65 72 0.94
100 19 0.99
91 94 0.76
24 17 0.99
18 88 0.77
14 1 0.84
97 18 0.8
75 27 0.84
18 4 0.8
45 63 0.8
15 78 0.96
56 75 0.9
28 30 0.81
87 49 0.8
91 50 0.87
9 58 0.99
95 4 0.96
36 0 0.82
1 22 0.91
7 67 1.0
32 32 0.91
62 99 0.8
0 43 0.87
36 35 0.84
97 33 0.87
84 1 0.8
36 37 0.86
91 11 0.85
60 89 0.93
30 7 0.98
75 89 0.85
22 60 0.96
44 73 0.96
68 1 1.0
20 54 0.96
42 84 0.98
86 91 0.83
84 94 0.85
92 98 0.9
4 16 0.83
88 46 0.8
1 7 0.83
38 82 0.82
9 82 0.77
92 39 0.96
14 11 0.88
22 61 0.76
14 42 0.81
48 77 0.88
37 42 0.81
56 97 0.93
99 26 0.9
20 96 0.95
