200 400 20 10
81 22
17 89
10 90
37 21
10 67
62 81
16 61
75 91
22 48
39 35
68 21
48 37
95 29
10 59
73 16
100 68
26 34
14 66
36 100
53 89
78 70
74 4
61 47
16 68
80 83
42 99
29 19
44 82
41 25
18 56
100 57
42 62
99 87
39 56
89 13
40 14
81 57
18 43
48 6
20 0
42 40
12 19
8 86
91 17
27 22
49 74
48 0
31 76
94 67
29 49
13 5
85 48
34 57
11 3
33 56
78 8
77 24
54 92
55 99
29 67
21 47
92 8
83 25
28 52
25 20
35 1
16 21
18 12
19 100
88 70
59 22
1 58
68 38
37 54
71 61
85 94
39 41
76 88
19 57
23 95
56 60
8 52
87 2
7 29
2 99
54 60
64 65
85 82
69 41
99 9
53 8
37 78
42 31
16 9
36 81
50 91
42 10
7 11
5 0
79 74
41 54
89 73
80 92
53 24
55 0
26 71
85 7
20 66
2 58
98 40
18 70
14 21
27 93
52 42
19 9
41 82
52 2
81 88
50 54
16 100
47 15
45 51
46 38
4 49
44 0
53 51
64 20
89 38
42 61
93 4
72 20
92 97
47 35
14 22
3 47
14 41
4 1
65 3
88 71
19 23
89 86
59 73
88 29
1 56
73 85
59 89
45 61
79 19
7 81
74 2
36 21
75 16
23 29
17 20
100 65
90 2
81 86
54 76
9 26
81 71
28 65
98 50
100 97
33 57
71 50
48 31
28 62
69 26
72 85
71 38
88 14
52 46
14 4
11 57
77 2
89 78
67 86
60 22
81 32
3 64
46 16
86 11
58 66
8 91
38 16
18 13
86 25
10 54
63 7
65 16
88 83
26 95
72 9
21 62
7 78
29 43
55 95
70 44
14 72
82 61
30 45 0.86
10 6 0.84
27 87 0.76
25 51 0.9
34 78 0.8
72 21 0.99
86 7 0.89
38 30 0.84
83 59 0.84
0 16 0.77
24 17 0.78
30 13 0.78
22 82 0.99
38 62 0.79
40 77 0.82
31 60 0.81
53 93 0.8
51 98 0.83
92 49 0.91
45 85 0.95
1 43 0.75
53 59 0.83
53 60 0.82
48 15 0.76
88 11 0.81
67 12 0.96
83 26 0.89
55 27 0.87
45 90 0.87
50 12 0.98
52 47 0.87
90 52 0.99
33 96 0.93
98 78 0.77
94 99 0.92
100 30 0.99
4 48 0.91
6 85 0.89
94 62 0.87
61 27 0.94
58 69 0.91
27 50 0.84
87 13 0.96
46 75 0.97
99 53 0.88
74 71 0.81
75 44 0.95
56 32 0.8
93 20 0.76
90 86 0.93
81 94 0.78
82 2 0.78
1 26 0.9
90 42 0.95
2 90 0.97
1 8 0.91
57 82 0.97
2 11 0.81
56 49 0.8
8 82 0.86
60 85 0.92
66 10 0.76
2 74 0.85
16 85 0.77
6 40 0.96
48 72 0.78
93 17 0.8
16 14 0.83
93 73 1.0
100 6 0.83
2 1 0.95
85 77 0.99
30 1 0.92
65 6 0.99
35 55 0.92
40 33 0.93
15 55 0.93
41 16 0.79
55 49 0.88
74 29 0.97
45 4 0.98
100 92 0.86
34 93 0.91
27 3 0.77
56 39 0.94
92 86 1.0
10 10 0.98
13 8 0.88
24 54 0.86
19 42 0.88
66 93 0.88
9 62 0.91
25 57 0.86
76 15 0.95
78 50 0.9
62 10 0.94
66 35 0.88
95 1 0.83
97 91 0.79
84 51 0.86
26 87 0.95
96 54 0.91
45 84 0.86
27 75 0.84
59 87 0.91
58 5 0.75
38 47 0.77
48 23 0.8
0 30 0.81
64 18 0.83
26 41 0.88
38 19 0.96
2 25 0.76
63 55 0.98
57 36 0.94
5 64 0.85
55 90 1.0
66 49 0.92
79 58 0.85
53 37 0.89
46 51 0.95
84 77 0.76
32 58 0.96
65 21 0.78
33 44 0.81
19 94 0.85
80 84 0.94
79 66 0.84
85 41 0.93
36 72 0.78
96 98 0.8
39 6 0.89
83 97 0.77
97 47 0.98
47 87 0.92
77 85 0.86
67 61 0.75
71 95 0.8
42 88 1.0
7 74 0.84
89 87 0.92
31 68 0.84
6 63 0.78
29 96 0.76
47 0 0.98
18 63 0.93
12 38 0.77
25 31 0.94
90 21 0.77
72 30 0.75
92 0 0.75
95 69 0.96
83 53 0.94
30 80 0.97
96 22 0.92
97 80 0.98
1 63 0.93
77 15 0.97
95 71 0.8
51 29 0.9
60 37 0.99
67 55 0.85
51 19 0.81
15 22 0.89
46 20 0.96
39 12 0.75
23 42 1.0
86 75 0.87
95 18 0.92
82 5 0.98
33 70 0.89
19 22 0.89
40 19 0.77
65 97 0.9
25 30 0.94
72 59 0.84
90 98 0.97
46 1 0.84
43 92 0.89
27 95 0.79
43 100 0.83
72 48 0.92
5 76 0.92
80 91 0.97
71 98 1.0
17 78 0.77
47 62 0.93
43 4 0.8
21 55 1.0
24 61 0.91
10 36 0.92
18 48 0.93
79 13 0.77
39 25 1.0
0 44 0.81
4 62 0.77
30 29 0.9
100 5 0.85
26 86 0.87
86 93 1.0
76 0 0.81
59 58 0.85
56 21 0.77
84 41 1.0
40 34 0.75
85 85 0.94
68 49 0.78
5 29 1.0
14 69 0.89
95 15 0.87
48 25 0.83
3 14 0.99
7 43 0.9
32 51 0.8
70 12 0.96
3 97 0.97
79 77 0.79
56 95 0.77
56 88 0.9
45 60 0.85
43 10 0.93
39 49 0.86
60 2 0.93
16 1 0.98
11 16 0.98
2 5 0.88
39 80 0.8
75 19 0.9
10 88 0.92
18 38 0.95
85 62 0.79
56 30 0.81
87 52 0.88
84 38 0.86
96 18 0.88
26 99 0.88
31 21 0.78
83 12 0.75
95 99 0.77
28 54 0.93
47 98 0.96
13 76 0.99
50 40 0.86
47 33 0.77
78 46 0.83
25 15 0.88
84 100 0.99
89 76 0.81
92 67 0.82
69 77 0.76
37 56 0.9
31 74 0.85
27 40 0.98
2 48 0.78
70 66 0.81
59 19 0.75
6 27 0.98
9 28 0.78
60 73 0.97
63 92 0.89
25 99 0.89
72 79 0.99
78 78 0.99
78 61 0.93
23 4 0.75
6 99 0.92
19 6 0.94
80 98 0.92
15 24 0.86
75 28 0.92
64 31 0.91
14 98 0.76
89 74 0.91
78 12 0.96
13 38 0.91
43 69 0.91
90 63 0.93
50 83 0.96
0 96 0.9
98 45 0.88
0 91 0.9
87 89 0.99
26 100 0.75
80 88 0.85
61 46 0.93
46 10 0.88
89 44 0.85
58 91 0.82
41 84 0.81
50 28 0.79
28 87 0.9
25 50 0.84
20 87 0.92
49 84 0.89
52 53 0.99
13 73 0.79
55 18 0.84
64 49 0.82
0 85 0.93
61 44 0.9
79 29 0.98
8 79 0.94
59 12 0.76
78 74 0.78
54 78 0.83
100 9 0.95
2 46 0.84
85 91 0.87
55 74 0.8
13 91 0.87
23 80 0.78
41 51 0.96
44 37 0.83
52 65 0.84
79 49 0.77
66 91 0.75
49 11 0.94
40 8 0.97
55 29 0.99
41 42 0.86
16 28 0.88
16 88 0.93
31 89 0.98
15 73 0.95
38 28 0.85
44 90 0.9
1 52 0.89
5 25 0.94
92 89 0.99
45 79 0.81
31 79 0.78
52 61 0.86
88 87 0.9
57 24 0.76
31 46 0.97
66 18 0.82
5 8 0.89
44 53 0.96
34 31 0.85
12 24 0.92
58 100 0.8
73 93 0.95
36 50 0.99
94 64 0.87
55 24 0.95
46 96 0.8
30 86 0.86
85 30 0.9
56 97 0.87
90 6 0.96
95 89 0.95
33 10 1.0
83 22 0.76
18 65 0.91
92 62 0.95
84 13 0.91
99 33 0.76
50 10 0.82
55 31 0.86
68 50 0.92
87 17 0.95
5 59 0.77
71 88 0.78
96 12 0.96
3 4 0.87
49 91 0.88
72 46 0.83
24 69 0.98
16 74 0.85
18 91 0.88
97 67 0.94
82 31 0.9
80 5 0.82
83 66 0.79
89 11 0.82
82 10 0.92
80 61 0.83
86 64 0.9
57 10 0.88
81 36 0.96
16 84 1.0
66 45 0.75
45 33 0.83
36 86 0.93
14 61 0.82
41 91 0.93
77 30 0.96
45 87 0.85
75 70 1.0
22 100 0.94
75 69 0.8
24 29 0.85
27 11 0.99
20 74 0.97
29 36 0.83
100 35 0.92
23 71 0.95
68 5 0.81
98 82 0.81
8 31 0.98
