200 400 20 10
27 62
52 16
82 34
16 30
91 23
99 12
62 18
83 67
94 32
84 21
94 69
62 87
14 84
73 49
33 7
87 3
18 95
3 78
22 49
51 76
80 34
74 58
69 95
9 14
82 66
21 41
37 20
69 32
7 32
8 59
12 15
24 71
24 54
23 88
37 97
87 96
65 88
14 100
89 74
84 2
12 3
81 9
56 66
86 87
45 83
43 10
39 64
97 37
42 72
45 85
74 6
25 17
26 98
58 82
24 73
39 15
39 81
85 93
64 86
35 5
59 37
77 63
89 11
48 30
84 18
90 7
87 66
81 48
61 93
73 12
25 8
65 20
0 1
96 90
99 55
92 97
47 33
10 10
10 75
73 95
26 66
21 71
87 46
92 24
87 86
31 91
83 99
44 71
37 92
37 0
24 56
63 36
45 61
77 60
39 10
42 9
66 55
71 5
52 26
35 82
47 36
19 2
57 3
76 67
75 8
6 0
61 49
87 94
59 68
94 17
30 38
9 55
31 28
25 61
12 86
9 42
66 66
38 94
31 46
41 7
66 84
53 10
73 17
75 88
72 9
69 83
79 78
67 57
58 60
78 42
57 77
68 57
13 12
6 72
28 69
66 75
69 52
75 77
96 62
27 83
76 98
20 12
77 46
36 57
10 25
62 57
89 93
24 5
70 57
89 84
71 50
74 87
28 4
96 71
64 59
98 96
57 36
45 98
21 35
83 68
82 27
45 77
82 15
77 0
7 46
12 74
25 40
61 65
56 29
64 99
7 90
64 51
42 38
27 97
35 81
97 49
48 63
64 13
51 87
35 66
63 47
42 73
2 99
6 74
18 92
11 33
37 52
68 4
51 46
94 54
79 87
22 74
3 52
20 61
76 13
57 87
65 81
54 9
68 54
85 47
39 74 0.91
9 58 0.93
45 35 0.76
10 19 0.94
48 28 0.96
70 33 0.87
20 71 0.88
88 13 0.76
77 7 0.99
32 17 0.98
92 85 0.75
94 13 0.89
51 49 1.0
54 93 0.91
98 30 0.77
70 69 0.82
30 84 0.77
82 100 0.89
19 61 0.93
7 83 0.93
62 1 0.8
20 55 0.91
17 55 0.75
16 25 0.86
32 41 1.0
60 87 0.83
61 80 0.9
11 97 0.94
20 59 0.8
22 27 0.93
48 47 0.82
26 74 0.89
89 36 0.81
28 75 0.82
5 85 0.83
30 94 0.78
92 59 1.0
12 99 0.76
94 63 0.77
36 56 0.8
61 27 0.94
9 56 0.95
80 6 0.86
30 26 0.78
30 83 0.99
48 90 0.75
68 60 0.88
80 35 0.8
10 55 0.86
51 73 0.83
46 55 0.8
12 68 0.8
77 39 0.88
76 36 0.75
88 56 0.92
63 100 0.94
69 26 0.98
93 31 0.8
97 12 0.92
91 18 0.95
62 50 0.76
78 84 0.99
92 100 0.8
79 88 0.87
32 46 0.85
16 51 0.97
65 14 1.0
1 94 0.8
27 38 0.83
62 75 0.98
58 85 0.94
75 89 1.0
83 38 0.85
42 78 0.87
84 87 0.9
57 57 0.75
27 77 1.0
85 71 0.98
83 41 0.89
73 18 0.85
63 39 0.99
74 31 0.81
84 4 0.94
13 96 0.85
98 85 0.9
74 20 0.78
95 57 0.97
60 51 0.85
32 57 0.8
34 20 0.75
29 32 0.87
100 8 0.98
24 58 0.79
91 78 0.85
30 68 0.9
51 20 0.82
70 27 0.76
92 11 0.93
57 63 0.83
34 19 0.85
53 67 0.94
36 62 0.99
6 65 0.98
27 16 0.85
59 10 0.79
22 32 0.98
70 11 0.79
64 20 0.9
41 95 0.98
1 16 0.89
0 51 0.85
97 3 1.0
5 84 0.89
44 80 0.83
14 82 0.76
48 68 0.91
44 48 0.91
50 61 0.82
29 5 0.97
0 77 0.99
20 84 0.85
52 36 0.82
23 58 0.79
89 98 0.97
36 97 0.78
37 80 0.89
73 20 0.88
31 1 0.79
8 70 0.77
65 27 0.85
6 79 0.75
15 53 0.92
9 93 0.75
54 15 0.77
84 96 0.79
34 50 0.98
78 56 0.76
22 72 0.76
62 5 0.75
98 88 0.93
23 65 0.91
95 42 0.79
64 60 0.77
29 24 0.92
40 35 0.89
46 31 0.82
31 6 0.93
71 51 0.89
69 48 0.97
72 84 0.94
22 31 0.83
19 81 0.79
90 84 0.88
31 17 0.75
53 30 0.9
45 30 0.98
0 82 0.95
22 97 0.9
12 13 0.9
13 5 0.81
50 0 1.0
90 26 0.75
76 29 0.99
39 3 0.82
31 10 0.99
29 27 0.94
13 40 0.76
11 59 0.81
58 43 0.75
96 7 0.77
65 24 0.91
66 17 0.77
69 27 0.81
3 98 0.77
2 93 0.78
76 42 0.87
39 22 0.79
79 30 0.89
58 68 0.93
47 74 0.93
40 90 0.84
92 17 0.85
77 92 0.86
2 86 0.97
26 70 0.84
71 1 0.76
46 82 0.79
15 86 0.82
80 74 0.88
25 93 0.84
24 28 0.85
91 74 0.9
32 86 0.9
72 80 0.78
90 85 0.77
77 34 0.87
43 44 0.97
47 29 0.79
62 56 0.99
77 20 0.82
50 91 0.87
29 8 1.0
11 64 0.78
51 17 0.98
56 13 0.87
57 19 0.76
56 41 0.85
38 52 0.92
99 91 0.76
27 86 0.81
39 1 0.83
90 13 0.98
18 40 0.83
34 80 0.89
38 93 0.83
1 51 0.87
57 43 0.93
21 90 0.89
5 98 0.95
92 42 0.9
89 19 0.75
84 56 0.97
29 94 0.95
55 94 0.77
60 73 0.93
33 67 0.86
54 20 0.92
90 2 1.0
39 27 0.78
94 40 0.99
6 1 0.96
84 39 0.87
71 29 1.0
100 69 0.98
43 57 0.8
59 64 0.87
11 23 0.75
12 47 0.96
83 61 0.75
85 44 0.84
9 33 1.0
29 45 0.96
55 49 0.89
73 34 0.9
50 97 0.96
85 94 0.78
98 59 0.84
100 13 0.75
43 94 0.89
59 1 0.94
71 47 0.99
76 80 0.87
58 52 0.99
96 15 0.81
100 99 0.9
8 69 0.75
55 22 0.79
80 75 0.85
43 67 0.95
2 16 0.89
43 68 0.83
36 29 0.99
42 33 0.88
6 53 0.9
67 54 0.9
94 10 0.8
15 45 0.93
55 16 0.76
47 61 0.92
25 33 0.97
58 14 1.0
60 69 0.76
12 98 0.85
35 45 0.99
46 42 0.84
21 50 0.93
89 27 0.85
96 99 0.94
73 67 0.88
16 32 0.86
66 58 0.96
48 52 0.91
59 32 0.95
1 33 0.82
28 86 0.97
83 47 1.0
67 69 0.78
5 8 0.97
13 19 0.95
21 17 0.99
28 35 0.83
33 38 0.82
35 24 0.94
85 11 0.97
88 74 0.76
48 7 0.97
9 97 0.78
84 85 0.84
38 78 0.93
59 56 0.86
81 26 0.87
14 8 0.99
84 67 1.0
79 27 0.81
32 99 0.77
29 21 0.86
99 93 1.0
14 1 0.91
63 31 0.82
22 2 0.95
85 18 0.76
34 69 0.91
9 7 0.93
1 61 0.96
63 18 0.81
87 15 0.97
40 86 0.91
34 88 0.99
89 44 0.94
63 70 0.77
53 49 0.92
87 72 0.81
17 31 1.0
67 64 0.9
36 39 0.85
59 13 0.75
68 18 0.94
35 3 0.8
69 36 0.9
92 1 0.94
38 6 0.99
14 43 0.76
86 62 0.76
40 62 0.82
51 85 0.86
100 2 0.87
61 60 0.92
84 11 0.93
95 5 0.88
36 80 0.79
61 48 0.86
2 8 0.82
72 99 0.87
26 68 0.95
30 41 0.8
57 26 0.83
80 70 0.88
28 30 0.89
41 41 0.77
21 24 0.79
86 16 0.75
42 65 0.86
11 37 0.77
12 88 0.98
84 14 0.76
52 53 0.92
40 30 0.84
40 76 0.79
70 61 0.96
6 50 0.98
41 47 0.93
74 38 0.93
23 26 0.94
33 75 0.81
17 6 0.82
87 43 0.86
56 72 0.88
9 65 0.85
32 5 0.82
11 9 0.87
94 78 0.95
69 64 0.77
64 76 0.95
14 99 0.76
40 34 0.83
82 8 0.9
22 85 0.85
39 0 0.86
33 41 0.75
86 49 0.99
11 14 0.88
63 6 0.78
46 44 0.89
54 35 0.88
47 35 0.9
42 59 0.8
29 52 0.81
36 13 0.96
57 42 0.83
4 64 0.99
53 44 0.84
73 35 0.76
19 100 0.86
10 90 0.91
71 6 0.81
65 93 0.78
70 48 1.0
63 68 0.99
5 43 0.76
52 12 0.84
