200 400 100 10
13 40
59 65
75 15
13 49
54 19
38 91
1 67
69 24
23 63
55 13
60 23
44 54
63 65
61 37
71 29
80 19
99 78
72 11
61 86
33 42
100 46
100 75
46 48
23 100
80 95
23 79
47 49
46 67
88 10
75 56
23 90
8 69
49 41
87 62
33 89
26 19
96 1
89 20
20 6
72 12
47 38
23 85
87 11
4 87
15 27
79 19
40 15
61 27
56 87
21 80
77 10
86 41
75 99
45 49
10 70
87 36
60 1
22 22
49 96
65 85
8 93
81 36
33 60
39 94
1 100
55 59
43 75
74 96
8 4
50 74
56 98
39 14
83 100
48 17
45 18
62 73
51 69
19 59
0 89
86 59
72 60
88 87
77 60
1 45
30 93
50 58
73 1
37 13
35 25
75 22
7 43
26 3
33 61
75 45
59 81
75 97
54 5
63 16
54 63
54 17
25 58
56 81
76 66
13 59
75 81
84 5
12 36
72 76
77 44
75 57
96 73
49 39
98 84
11 56
32 21
1 81
62 40
88 76
76 51
33 71
70 88
48 65
21 16
38 7
26 18
67 46
49 18
76 15
75 5
29 12
32 52
25 64
58 35
98 73
66 44
42 52
31 94
97 6
28 43
79 2
36 9
92 92
52 85
4 24
90 71
87 69
19 29
91 25
98 99
22 92
5 42
26 55
13 17
45 9
59 6
41 70
85 85
19 28
99 26
64 14
31 86
26 20
44 27
54 10
28 37
50 80
25 72
23 66
57 70
11 94
67 12
80 53
89 68
3 11
93 64
71 100
4 89
16 85
66 46
92 54
63 5
35 42
70 60
48 81
27 32
82 13
44 1
11 44
38 92
29 77
72 1
50 52
4 5
18 5
20 62
2 53
4 2
28 85
64 34
73 8
29 45 0.79
98 23 0.78
26 73 0.75
91 81 0.98
90 72 0.84
23 93 0.97
41 24 0.8
5 45 0.96
86 77 0.87
25 13 0.77
35 77 0.96
34 4 0.78
80 99 0.78
65 58 0.95
25 87 0.81
69 51 0.82
39 44 0.83
63 25 0.78
20 81 0.98
99 60 0.93
85 76 0.79
47 95 0.99
29 57 0.95
64 65 0.93
80 6 0.81
18 29 0.89
13 61 0.79
60 66 0.78
96 44 0.84
31 18 0.83
39 65 0.82
14 33 0.76
25 66 0.97
93 29 0.93
86 96 0.82
84 25 0.9
26 34 0.97
45 88 0.87
73 87 0.81
38 5 0.76
94 15 0.8
13 18 0.81
8 98 0.84
18 63 0.91
14 59 0.83
31 99 0.91
51 89 0.84
27 45 0.84
81 66 0.85
22 97 0.91
93 10 0.94
70 92 0.98
56 40 0.75
81 21 0.79
76 24 0.91
90 90 0.82
7 12 0.85
98 32 1.0
7 69 1.0
14 72 0.88
53 81 0.81
78 13 0.78
26 23 0.81
74 28 0.77
31 67 0.95
6 39 0.9
98 62 0.83
54 15 0.78
30 28 0.88
60 0 0.85
14 34 0.86
1 61 0.75
75 52 0.94
2 52 0.98
100 44 0.86
91 62 0.89
27 65 0.86
26 45 0.81
74 21 0.96
48 97 1.0
1 12 0.78
83 76 1.0
95 14 0.96
82 76 0.91
41 68 0.88
59 71 0.78
22 16 0.9
33 83 0.76
15 77 0.92
67 40 0.88
32 91 0.81
61 89 0.75
47 8 0.87
10 48 0.97
88 8 0.9
74 49 0.89
75 27 0.98
46 98 0.89
17 52 0.87
40 19 0.82
11 77 0.93
29 76 0.86
45 82 0.97
64 25 0.88
68 89 0.99
54 11 0.88
93 11 0.85
39 90 0.97
9 40 0.87
26 77 0.87
25 59 0.98
76 54 0.76
53 68 0.93
41 86 0.81
26 70 0.86
25 34 0.86
70 38 0.79
61 22 0.89
9 5 0.82
47 81 0.76
43 58 0.93
0 49 0.88
45 87 0.96
71 0 0.98
97 65 0.78
97 100 0.88
100 57 0.75
19 33 0.76
95 44 0.8
14 19 0.89
84 85 0.99
57 50 0.98
77 40 0.75
65 50 0.76
19 38 0.94
98 90 0.81
5 2 0.75
21 38 0.94
6 98 0.78
18 38 0.91
40 79 0.83
62 10 0.77
98 46 0.78
98 3 0.93
5 0 0.77
78 27 0.77
53 3 0.94
8 29 0.8
99 88 0.95
32 81 0.82
4 6 0.91
13 28 0.91
45 79 0.97
79 42 0.99
61 34 0.76
83 63 0.86
93 83 0.76
20 55 0.84
16 80 0.86
29 28 0.76
33 48 0.79
22 26 0.87
73 63 0.86
83 65 0.92
8 30 0.81
96 4 0.93
54 92 1.0
4 38 0.99
85 17 0.99
19 12 0.93
86 3 0.99
55 86 0.89
13 43 0.79
41 37 0.96
6 63 0.88
0 33 0.92
80 89 1.0
78 72 0.87
51 37 0.77
87 76 0.87
66 50 0.84
50 75 0.92
94 96 0.77
18 11 0.78
90 88 0.81
68 2 0.8
49 92 0.84
42 35 0.78
55 82 0.85
43 81 1.0
36 84 0.84
95 86 0.93
46 5 0.85
94 81 0.87
68 9 0.87
12 77 0.9
0 66 0.9
30 69 0.75
48 74 0.96
50 12 0.97
56 16 0.84
90 8 0.96
64 82 0.9
20 90 0.89
3 54 0.94
57 27 0.96
32 77 0.85
95 12 0.97
61 21 0.81
87 34 0.97
8 88 0.97
85 34 0.8
99 56 1.0
76 96 0.97
33 56 0.89
96 56 0.85
40 57 1.0
43 100 0.87
7 100 0.99
5 26 0.95
22 88 0.85
52 5 1.0
83 26 1.0
13 90 0.79
37 61 0.93
24 40 0.76
33 9 0.77
83 59 0.96
19 27 0.99
88 12 0.84
18 66 0.86
59 41 0.96
85 95 0.94
10 81 0.79
67 7 0.86
14 15 0.78
79 75 0.8
41 2 0.75
22 96 0.87
13 91 0.95
31 40 0.99
27 78 0.87
70 63 0.84
50 3 0.82
16 32 0.89
92 33 0.79
96 76 0.8
87 1 0.9
21 27 0.9
50 68 0.81
91 11 0.86
37 47 0.92
51 40 0.89
4 48 0.94
100 58 0.75
87 46 0.97
85 47 0.76
25 56 0.77
97 73 0.98
62 12 0.96
98 70 0.77
36 33 0.94
53 9 0.78
86 78 0.9
38 53 0.89
49 4 0.98
82 27 0.89
10 78 0.91
40 4 0.87
41 12 0.85
37 41 0.77
13 24 0.92
77 18 1.0
94 51 0.93
80 44 0.92
0 83 0.77
51 50 0.88
10 65 1.0
56 95 0.97
84 95 0.83
24 91 0.98
83 60 0.89
82 54 0.9
63 62 0.85
38 4 0.91
53 19 0.87
72 56 0.9
35 67 0.76
13 8 0.77
13 16 0.81
63 85 0.93
16 27 0.79
70 68 0.94
65 86 0.87
48 50 0.99
100 83 0.84
76 92 0.78
16 69 0.87
42 32 0.77
91 53 0.75
11 92 0.88
50 32 0.84
12 23 0.85
77 58 0.83
39 28 0.82
59 78 0.91
84 80 0.93
68 94 0.77
59 15 0.93
59 5 0.98
44 95 0.84
84 44 0.94
82 43 0.83
52 36 0.97
42 44 0.86
77 20 0.78
99 24 0.83
89 92 0.81
64 3 0.82
44 100 0.8
15 76 0.76
52 25 0.91
59 56 0.94
10 71 0.75
71 48 0.76
98 43 0.76
50 64 0.76
78 77 0.84
87 57 0.98
80 10 0.94
4 61 0.77
86 12 0.83
87 52 0.76
0 47 0.78
90 16 0.9
42 89 0.8
44 20 0.78
94 5 0.76
52 43 0.84
30 53 0.76
28 15 0.97
94 44 0.84
50 84 0.96
72 35 0.91
63 96 0.93
46 50 0.83
65 64 0.89
15 1 0.95
4 78 0.77
41 59 0.94
12 80 0.82
80 81 0.84
10 24 0.86
55 53 0.86
77 66 0.87
81 81 0.91
70 16 0.97
48 42 0.99
8 58 0.82
19 46 0.91
57 91 0.89
35 61 0.84
73 54 0.97
56 26 0.86
63 39 0.93
78 54 0.91
80 42 0.83
47 33 0.8
23 82 0.75
50 5 0.91
44 36 0.86
6 85 0.75
5 8 0.93
40 67 0.83
36 94 0.88
61 29 0.93
81 41 0.97
52 80 0.95
3 98 0.92
52 67 0.89
9 7 0.95
41 60 0.97
39 33 0.78
11 8 0.91
47 82 0.89
18 20 0.9
51 72 0.97
32 48 0.78
20 70 0.92
10 14 0.83
24 4 0.79
48 70 0.89
36 57 0.76
35 95 0.79
37 82 0.76
96 68 0.82
77 86 0.79
72 25 0.82
5 3 0.76
42 84 0.89
