200 400 50 10
41 16
27 73
85 36
48 79
9 7
78 42
87 72
90 56
53 91
62 17
80 36
61 34
88 27
38 13
43 14
57 62
89 84
36 73
65 17
57 5
78 50
100 83
23 82
21 78
15 5
60 79
13 75
99 78
41 83
8 49
8 66
55 3
97 75
90 91
55 35
68 73
45 18
42 11
58 88
50 51
75 88
55 79
6 71
76 62
32 50
66 86
36 67
81 49
24 27
58 60
31 17
30 36
65 51
82 6
37 41
73 88
77 90
1 44
75 22
15 80
10 15
73 92
65 99
13 98
47 85
31 98
100 4
11 82
32 42
2 53
48 22
24 31
51 96
53 97
15 35
39 78
74 68
17 11
19 100
18 81
71 22
7 50
90 25
19 68
90 22
21 35
66 45
90 14
38 67
65 45
92 38
62 34
88 71
81 81
11 45
34 26
89 21
2 67
9 97
22 34
28 49
34 97
31 88
27 83
71 79
41 42
84 92
12 73
83 82
82 79
92 21
60 17
26 87
20 15
0 29
14 92
88 34
11 1
58 54
18 26
79 93
97 40
70 53
18 62
5 40
80 3
21 10
99 67
27 25
40 23
34 21
16 64
57 65
9 19
88 15
52 19
68 39
5 78
100 12
15 84
95 60
31 66
71 97
98 47
95 83
25 3
36 54
60 2
91 86
55 39
98 46
80 74
26 11
85 91
91 99
98 88
18 79
3 79
67 18
19 58
39 40
36 81
19 15
14 43
32 86
61 76
30 31
80 0
14 77
93 61
93 45
94 68
57 68
57 79
18 5
6 57
78 41
25 67
44 24
100 38
34 3
26 18
73 98
1 71
19 2
23 15
2 8
77 99
35 52
86 86
53 38
40 89
46 80
7 49
4 43
31 96
57 46
44 45
34 100
35 9
40 24 0.85
52 65 0.75
14 26 0.76
39 51 0.98
40 57 0.98
37 46 0.84
76 44 1.0
29 54 0.78
78 12 0.96
9 99 0.76
14 11 0.8
79 31 0.96
72 36 0.98
91 29 0.75
30 47 0.76
18 91 0.75
12 6 0.87
25 20 0.85
97 46 0.94
13 41 0.97
64 70 0.77
75 92 0.94
58 30 0.81
28 54 0.9
4 1 0.81
68 87 0.84
61 16 0.92
16 34 0.84
29 8 0.85
35 0 0.8
48 62 0.96
55 83 0.97
57 11 0.81
55 85 1.0
57 8 0.92
34 15 0.8
94 93 0.83
22 45 0.85
64 95 0.75
83 17 0.83
91 77 0.83
99 10 0.99
20 77 0.99
73 44 0.92
71 30 0.78
4 80 0.96
75 98 0.97
5 88 0.8
97 3 0.88
40 39 0.98
33 11 0.97
27 3 0.78
83 8 0.96
45 75 0.89
73 78 0.83
73 63 0.9
14 38 0.75
21 61 0.96
5 32 0.98
96 67 0.98
6 13 0.76
13 45 0.79
57 37 0.91
20 12 0.99
40 15 0.92
45 80 0.86
66 25 0.93
60 75 0.83
57 2 0.9
51 70 0.86
50 78 0.88
25 34 0.85
37 10 0.84
61 88 0.9
87 35 0.96
92 15 0.98
77 42 1.0
44 62 0.96
99 37 0.76
55 86 0.8
58 58 0.83
94 22 0.89
94 86 0.96
58 95 0.93
20 94 0.8
34 18 0.86
85 61 0.87
75 1 0.78
90 83 0.95
88 72 0.96
39 77 0.85
44 75 0.84
58 17 0.93
47 72 1.0
79 79 0.89
14 22 0.92
77 21 0.81
41 2 1.0
51 72 0.81
68 79 0.88
39 54 0.94
93 93 0.9
42 77 0.84
24 67 0.97
22 19 0.8
23 1 0.88
69 6 0.87
76 40 0.87
82 49 0.8
55 89 0.87
86 39 0.92
22 43 0.76
53 74 0.76
65 38 0.91
99 59 0.8
87 12 0.96
77 15 0.86
8 42 0.85
15 96 0.75
73 10 0.88
42 13 0.81
5 68 1.0
93 19 0.81
38 69 0.75
94 71 0.8
0 53 0.93
91 67 0.78
0 13 0.8
24 30 0.77
22 72 0.85
65 77 0.88
21 27 0.89
61 86 0.75
33 26 1.0
79 17 0.81
57 15 0.88
69 87 0.88
75 74 0.96
75 33 0.94
6 46 0.98
6 50 0.97
38 35 0.93
33 30 0.76
76 10 0.99
25 36 0.96
7 46 0.93
49 94 0.75
45 26 0.9
92 37 0.93
87 22 0.81
0 75 0.75
47 70 0.87
85 52 0.88
46 31 0.75
57 47 0.91
43 43 0.92
10 38 0.95
80 73 1.0
18 100 0.96
24 91 0.75
75 49 0.91
75 4 0.99
49 57 0.99
40 14 0.81
94 79 0.89
41 72 0.87
36 84 0.85
40 20 0.75
46 96 0.8
67 10 0.83
3 39 0.85
99 62 0.84
77 69 0.86
88 5 0.92
73 3 0.87
5 90 0.89
70 33 0.78
9 3 0.81
40 100 0.8
60 99 0.86
40 6 0.9
32 40 0.76
93 60 0.98
11 19 0.87
52 18 0.78
99 84 0.76
70 85 0.95
76 19 0.83
75 31 0.96
27 78 0.75
90 9 0.91
55 27 0.94
58 36 0.99
2 14 0.98
43 2 0.75
45 91 0.82
25 51 0.99
54 96 0.86
46 10 0.95
56 76 0.96
75 45 1.0
25 43 0.77
9 69 0.85
23 53 0.94
0 4 0.92
89 12 0.76
83 63 0.87
33 86 0.79
80 7 0.87
29 58 0.92
96 80 0.82
18 78 0.85
75 48 0.76
30 38 0.98
70 44 0.93
38 27 0.75
96 55 0.96
78 17 0.99
43 36 0.88
25 46 0.78
28 94 0.8
95 0 0.83
32 25 0.9
69 2 0.81
76 12 0.91
30 63 0.97
8 52 0.96
33 83 0.96
56 46 0.89
7 60 0.88
89 57 0.78
51 86 0.94
86 62 0.92
8 4 1.0
41 40 0.88
32 0 0.75
4 5 0.8
45 23 0.86
47 29 0.79
65 10 0.98
50 52 0.8
50 60 0.89
69 49 0.78
19 29 0.88
10 24 0.87
91 92 0.96
49 20 0.83
29 70 0.97
67 81 0.76
50 88 0.88
50 73 0.77
10 28 0.98
15 81 0.98
21 41 0.99
35 47 0.77
78 3 0.95
33 40 0.77
58 53 0.81
25 9 0.96
41 27 0.79
40 84 0.95
35 66 0.94
8 7 0.9
56 93 0.9
74 19 0.82
74 92 0.92
64 69 0.81
76 7 0.81
48 75 0.9
51 55 0.87
14 69 0.89
5 45 0.98
69 62 0.88
78 67 0.75
63 67 0.89
10 83 0.78
67 42 0.96
42 61 0.93
12 51 0.78
35 41 0.82
36 87 1.0
79 23 0.83
48 49 0.75
36 18 0.93
89 24 0.81
64 85 0.96
42 8 0.89
81 94 0.98
92 17 0.91
10 47 0.91
38 23 0.95
66 16 0.97
53 37 1.0
27 74 0.79
76 88 0.86
45 15 0.85
93 8 0.78
12 68 0.86
69 56 0.87
2 74 0.95
45 51 0.82
72 78 0.78
29 14 0.81
63 3 0.97
78 10 0.96
90 16 0.75
19 88 0.94
85 72 0.79
85 68 0.94
61 81 0.99
12 75 1.0
28 0 0.8
41 75 0.75
39 50 0.81
36 96 0.85
85 69 0.78
31 35 0.77
18 3 0.75
23 27 0.98
83 0 1.0
5 62 0.79
40 11 0.99
36 2 0.75
100 51 0.91
35 34 0.98
45 47 0.77
11 24 0.95
28 13 0.85
50 99 1.0
16 23 0.81
53 48 0.85
97 15 0.84
30 61 0.96
52 42 0.93
24 33 0.8
25 8 0.96
6 63 0.84
19 44 0.96
76 66 0.75
62 73 0.9
44 91 0.78
96 18 0.88
65 24 0.82
8 15 0.99
58 74 0.95
100 25 0.9
17 69 0.79
42 79 0.79
69 32 0.8
35 48 0.94
39 30 0.92
10 48 0.81
0 46 0.93
43 13 0.93
45 1 0.77
8 31 0.91
58 72 0.99
97 94 0.94
55 2 0.93
92 79 0.77
41 84 0.99
92 33 1.0
65 82 0.98
39 93 0.91
75 3 0.91
47 68 0.88
31 22 1.0
76 97 0.92
82 96 0.88
23 67 0.9
42 94 0.99
42 15 0.96
29 93 0.86
65 6 0.88
14 10 0.77
47 11 0.92
64 74 0.99
57 57 0.89
54 5 0.87
95 21 0.91
61 43 0.89
33 3 0.88
77 6 0.78
6 76 0.98
100 9 0.78
86 50 0.86
44 84 0.85
13 95 0.75
86 23 0.76
26 22 0.95
32 34 0.79
14 98 0.99
96 0 0.98
62 74 0.98
11 2 0.82
46 98 0.79
18 72 0.91
87 68 0.98
4 48 0.86
29 10 0.9
